#varID         total       dxdbVol      dxdbSurf          dSdb          dndb    dxdbDirect          dVdb      distance       options          dvdb
   171   -0.00202347   -0.00169484             0  -0.000328634             0             0             0             0             0             0 
   172   -0.00210956     0.0117114             0    -0.0138209             0             0             0             0             0             0 
   173    -0.0059143    0.00764333             0    -0.0135576             0             0             0             0             0             0 
   174   0.000682145   0.000507495             0    0.00017465             0             0             0             0             0             0 
   175   -0.00415846   -0.00700597             0    0.00284751             0             0             0             0             0             0 
   176   -0.00551571     0.0138054             0    -0.0193211             0             0             0             0             0             0 
   177    0.00562476    0.00552889             0   9.58673e-05             0             0             0             0             0             0 
   178   -0.00919017   -0.00482209             0   -0.00436808             0             0             0             0             0             0 
   179   -0.00123905    -0.0151505             0     0.0139114             0             0             0             0             0             0 
   180    0.00402913    0.00372589             0   0.000303237             0             0             0             0             0             0 
   181   -0.00728695   -0.00225888             0   -0.00502807             0             0             0             0             0             0 
   182    0.00232761    -0.0128373             0      0.015165             0             0             0             0             0             0 
   183  -0.000309102  -0.000507331             0   0.000198229             0             0             0             0             0             0 
   184   0.000994443    0.00250399             0   -0.00150955             0             0             0             0             0             0 
   185     0.0043172   -0.00460718             0    0.00892438             0             0             0             0             0             0 
   192   -0.00170368   -0.00113482             0  -0.000568853             0             0             0             0             0             0 
   193    -0.0103439      0.037774             0    -0.0481178             0             0             0             0             0             0 
   194   -0.00957847    0.00819413             0    -0.0177726             0             0             0             0             0             0 
   195    0.00373665     0.0034835             0   0.000253151             0             0             0             0             0             0 
   196    -0.0138688    -0.0235134             0    0.00964463             0             0             0             0             0             0 
   197   -0.00792743     0.0112597             0    -0.0191872             0             0             0             0             0             0 
   198    0.00290641    0.00273339             0   0.000173013             0             0             0             0             0             0 
   199    0.00490603    -0.0210857             0     0.0259917             0             0             0             0             0             0 
   200   -0.00613214    -0.0111341             0    0.00500201             0             0             0             0             0             0 
   201    0.00437389    0.00419512             0   0.000178767             0             0             0             0             0             0 
   202    0.00097484   -0.00326637             0    0.00424121             0             0             0             0             0             0 
   203    -0.0115767   -0.00651246             0   -0.00506423             0             0             0             0             0             0 
   204    0.00492018    0.00466236             0   0.000257819             0             0             0             0             0             0 
   205   -0.00340236   -0.00161461             0   -0.00178775             0             0             0             0             0             0 
   206   -0.00201776   -0.00821079             0    0.00619303             0             0             0             0             0             0 
   213   0.000278292   0.000797008             0  -0.000518716             0             0             0             0             0             0 
   214   -0.00637658     0.0199676             0    -0.0263442             0             0             0             0             0             0 
   215    -0.0159711     0.0149917             0    -0.0309628             0             0             0             0             0             0 
   216    0.00143613      0.001056             0   0.000380129             0             0             0             0             0             0 
   217  -0.000796323    -0.0171209             0     0.0163246             0             0             0             0             0             0 
   218    -0.0145835   -0.00804784             0   -0.00653564             0             0             0             0             0             0 
   219   -0.00438505   -0.00447546             0   9.04077e-05             0             0             0             0             0             0 
   220     0.0246273   -0.00926335             0     0.0338906             0             0             0             0             0             0 
   221   -0.00469968    -0.0372789             0     0.0325792             0             0             0             0             0             0 
   222    0.00134196    0.00134169             0   2.68583e-07             0             0             0             0             0             0 
   223    0.00630948  -0.000105865             0    0.00641535             0             0             0             0             0             0 
   224   -0.00857486     0.0047914             0    -0.0133663             0             0             0             0             0             0 
   225    0.00530817    0.00504283             0   0.000265346             0             0             0             0             0             0 
   226  -0.000345789   -0.00300391             0    0.00265812             0             0             0             0             0             0 
   227   -0.00830413   -0.00518523             0   -0.00311891             0             0             0             0             0             0 
   234  -0.000662461   -0.00029555             0  -0.000366912             0             0             0             0             0             0 
   235  -0.000459329     0.0029676             0   -0.00342693             0             0             0             0             0             0 
   236    -0.0128832     0.0100622             0    -0.0229453             0             0             0             0             0             0 
   237   0.000212505  -2.39904e-05             0   0.000236495             0             0             0             0             0             0 
   238    0.00252288   -0.00310127             0    0.00562414             0             0             0             0             0             0 
   239    -0.0105605    -0.0165409             0    0.00598045             0             0             0             0             0             0 
   240    0.00268836    0.00274556             0  -5.71993e-05             0             0             0             0             0             0 
   241    0.00605303   -0.00131428             0     0.0073673             0             0             0             0             0             0 
   242    0.00770168    -0.0380148             0     0.0457165             0             0             0             0             0             0 
   243  -3.15766e-05  -0.000176465             0   0.000144888             0             0             0             0             0             0 
   244   0.000250257    0.00496888             0   -0.00471862             0             0             0             0             0             0 
   245    0.00191474     0.0244994             0    -0.0225847             0             0             0             0             0             0 
   246   -0.00299664   -0.00334079             0   0.000344153             0             0             0             0             0             0 
   247    0.00710636    0.00241138             0    0.00469498             0             0             0             0             0             0 
   248   -0.00237277    -0.0017785             0  -0.000594273             0             0             0             0             0             0 
   255   -0.00101531  -0.000538855             0  -0.000476451             0             0             0             0             0             0 
   256   0.000322153    0.00552574             0   -0.00520359             0             0             0             0             0             0 
   257    -0.0065624    0.00633529             0    -0.0128977             0             0             0             0             0             0 
   258   0.000390895   0.000284271             0   0.000106624             0             0             0             0             0             0 
   259  -0.000532086   -0.00587942             0    0.00534733             0             0             0             0             0             0 
   260   -0.00467495    -0.0116269             0      0.006952             0             0             0             0             0             0 
   261    0.00338176    0.00343139             0  -4.96211e-05             0             0             0             0             0             0 
   262   -0.00100751   -0.00527393             0    0.00426642             0             0             0             0             0             0 
   263     0.0060872    -0.0152331             0     0.0213203             0             0             0             0             0             0 
   264  -0.000244327  -0.000643916             0   0.000399589             0             0             0             0             0             0 
   265   -0.00409953    0.00522913             0   -0.00932866             0             0             0             0             0             0 
   266  -5.28695e-05     0.0252074             0    -0.0252603             0             0             0             0             0             0 
   267    -0.0033833   -0.00388657             0   0.000503273             0             0             0             0             0             0 
   268    0.00758142   0.000777776             0    0.00680364             0             0             0             0             0             0 
   269     0.0033973   -0.00823283             0     0.0116301             0             0             0             0             0             0 
   318  -0.000363843  -0.000200156             0  -0.000163686             0             0             0             0             0             0 
   319   -0.00418953     0.0112594             0    -0.0154489             0             0             0             0             0             0 
   320    -0.0014703    -0.0011494             0  -0.000320903             0             0             0             0             0             0 
   321    0.00143686    0.00140826             0   2.86039e-05             0             0             0             0             0             0 
   322   -0.00701424   -0.00576089             0   -0.00125335             0             0             0             0             0             0 
   323  -0.000992731    0.00339655             0   -0.00438928             0             0             0             0             0             0 
   324     0.0026153     0.0025821             0   3.31986e-05             0             0             0             0             0             0 
   325   -0.00515954   -0.00513322             0  -2.63147e-05             0             0             0             0             0             0 
   326    0.00195804   -0.00305598             0    0.00501402             0             0             0             0             0             0 
   327    0.00261466    0.00249368             0   0.000120979             0             0             0             0             0             0 
   328   -0.00615421   -0.00158825             0   -0.00456596             0             0             0             0             0             0 
   329    0.00708667   -0.00257922             0    0.00966589             0             0             0             0             0             0 
   330    0.00109964   0.000985745             0   0.000113895             0             0             0             0             0             0 
   331   -0.00385019  -7.03796e-05             0   -0.00377981             0             0             0             0             0             0 
   332    0.00720425   -0.00162035             0     0.0088246             0             0             0             0             0             0 
   339    0.00117787    0.00161419             0  -0.000436318             0             0             0             0             0             0 
   340    -0.0159251     0.0358112             0    -0.0517363             0             0             0             0             0             0 
   341    -0.0030339   -0.00254376             0  -0.000490138             0             0             0             0             0             0 
   342    0.00915036    0.00905955             0   9.08084e-05             0             0             0             0             0             0 
   343    -0.0271581    -0.0280952             0   0.000937083             0             0             0             0             0             0 
   344    0.00359761    0.00586466             0   -0.00226705             0             0             0             0             0             0 
   345    0.00297601     0.0027748             0   0.000201206             0             0             0             0             0             0 
   346    0.00168304    -0.0279582             0     0.0296412             0             0             0             0             0             0 
   347    0.00566044    0.00566324             0  -2.80011e-06             0             0             0             0             0             0 
   348    0.00738156    0.00725779             0   0.000123772             0             0             0             0             0             0 
   349   -0.00771647   -0.00858873             0   0.000872258             0             0             0             0             0             0 
   350   0.000737246   -0.00154673             0    0.00228398             0             0             0             0             0             0 
   351     0.0117848     0.0115477             0   0.000237101             0             0             0             0             0             0 
   352    -0.0196497    -0.0119185             0   -0.00773115             0             0             0             0             0             0 
   353     0.0102113    -0.0066953             0     0.0169066             0             0             0             0             0             0 
   360    0.00262486    0.00299736             0  -0.000372499             0             0             0             0             0             0 
   361    -0.0094322     0.0202368             0     -0.029669             0             0             0             0             0             0 
   362   -0.00515748  -5.17335e-05             0   -0.00510575             0             0             0             0             0             0 
   363    0.00386133    0.00361853             0   0.000242798             0             0             0             0             0             0 
   364   -0.00631268    -0.0229021             0     0.0165894             0             0             0             0             0             0 
   365    0.00211623    0.00309251             0  -0.000976282             0             0             0             0             0             0 
   366   -0.00955324   -0.00972145             0   0.000168211             0             0             0             0             0             0 
   367     0.0279706    -0.0148833             0     0.0428539             0             0             0             0             0             0 
   368    0.00653185  -1.93377e-05             0    0.00655118             0             0             0             0             0             0 
   369    0.00340098    0.00336743             0   3.35558e-05             0             0             0             0             0             0 
   370    0.00201275   -0.00537298             0    0.00738573             0             0             0             0             0             0 
   371   -0.00433784    0.00328219             0   -0.00762003             0             0             0             0             0             0 
   372    0.00447907    0.00414931             0   0.000329754             0             0             0             0             0             0 
   373    0.00142326   -0.00213096             0    0.00355422             0             0             0             0             0             0 
   374    0.00184477   -0.00902546             0     0.0108702             0             0             0             0             0             0 
   381   0.000398294   0.000555242             0  -0.000156949             0             0             0             0             0             0 
   382  -0.000400184    0.00173315             0   -0.00213333             0             0             0             0             0             0 
   383   -0.00393028    0.00112392             0    -0.0050542             0             0             0             0             0             0 
   384   -0.00082648  -0.000925527             0   9.90468e-05             0             0             0             0             0             0 
   385    0.00390312   -0.00218117             0    0.00608429             0             0             0             0             0             0 
   386   -0.00235203   -0.00348939             0    0.00113737             0             0             0             0             0             0 
   387    -0.0017145   -0.00168965             0  -2.48534e-05             0             0             0             0             0             0 
   388    0.00796747     0.0016473             0    0.00632017             0             0             0             0             0             0 
   389     0.0042273   -0.00900942             0     0.0132367             0             0             0             0             0             0 
   390   -0.00219071   -0.00230926             0    0.00011855             0             0             0             0             0             0 
   391    0.00324317    0.00417838             0  -0.000935214             0             0             0             0             0             0 
   392  -7.24894e-05     0.0137161             0    -0.0137886             0             0             0             0             0             0 
   393    -0.0128067    -0.0131228             0   0.000316053             0             0             0             0             0             0 
   394     0.0239187      0.014242             0    0.00967668             0             0             0             0             0             0 
   395    0.00202174   -0.00700369             0    0.00902543             0             0             0             0             0             0 
   402  -0.000222424  -1.09622e-05             0  -0.000211462             0             0             0             0             0             0 
   403   0.000986687    0.00190576             0  -0.000919074             0             0             0             0             0             0 
   404   -0.00175831    0.00078174             0   -0.00254005             0             0             0             0             0             0 
   405   0.000100263   8.69612e-05             0   1.33016e-05             0             0             0             0             0             0 
   406   0.000741416   -0.00213917             0    0.00288058             0             0             0             0             0             0 
   407  -0.000781768   -0.00380664             0    0.00302487             0             0             0             0             0             0 
   408    0.00100321    0.00100757             0  -4.36416e-06             0             0             0             0             0             0 
   409   0.000879777  -0.000289883             0    0.00116966             0             0             0             0             0             0 
   410    0.00348584   -0.00314306             0    0.00662891             0             0             0             0             0             0 
   411   -0.00200699    -0.0022597             0   0.000252708             0             0             0             0             0             0 
   412   -0.00298366    0.00185761             0   -0.00484127             0             0             0             0             0             0 
   413    0.00120839     0.0126891             0    -0.0114807             0             0             0             0             0             0 
   414      -0.00428   -0.00457004             0    0.00029004             0             0             0             0             0             0 
   415    0.00393542   0.000346117             0     0.0035893             0             0             0             0             0             0 
   416    0.00737225   -0.00800407             0     0.0153763             0             0             0             0             0             0 
