#varID         total       dxdbVol      dxdbSurf          dSdb          dndb    dxdbDirect          dVdb      distance       options          dvdb
   171   -0.00350938   -0.00320831             0  -0.000301073             0             0             0             0             0             0 
   172    0.00115438     0.0129682             0    -0.0118138             0             0             0             0             0             0 
   173   -0.00828674  -0.000715574             0   -0.00757117             0             0             0             0             0             0 
   174  -3.60577e-05  -0.000209006             0   0.000172949             0             0             0             0             0             0 
   175   -0.00389362    -0.0075719             0    0.00367828             0             0             0             0             0             0 
   176   -0.00513538     0.0159542             0    -0.0210896             0             0             0             0             0             0 
   177    0.00460476    0.00451294             0   9.18176e-05             0             0             0             0             0             0 
   178   -0.00856658   -0.00412416             0   -0.00444242             0             0             0             0             0             0 
   179  -0.000210001    -0.0115891             0     0.0113791             0             0             0             0             0             0 
   180    0.00335922    0.00309926             0   0.000259961             0             0             0             0             0             0 
   181   -0.00551371   -0.00316002             0   -0.00235369             0             0             0             0             0             0 
   182    0.00399043   -0.00325726             0    0.00724769             0             0             0             0             0             0 
   183   9.06922e-06  -0.000167456             0   0.000176526             0             0             0             0             0             0 
   184   0.000597422   0.000622838             0  -2.54159e-05             0             0             0             0             0             0 
   185    0.00511421   0.000352843             0    0.00476137             0             0             0             0             0             0 
   192   -0.00343095   -0.00288468             0  -0.000546273             0             0             0             0             0             0 
   193   -0.00448958     0.0342709             0    -0.0387605             0             0             0             0             0             0 
   194   -0.00892107  -0.000540134             0   -0.00838094             0             0             0             0             0             0 
   195    0.00346074    0.00323053             0   0.000230214             0             0             0             0             0             0 
   196    -0.0172561    -0.0243024             0    0.00704626             0             0             0             0             0             0 
   197  -0.000833092     0.0176946             0    -0.0185277             0             0             0             0             0             0 
   198     0.0039957    0.00380123             0   0.000194469             0             0             0             0             0             0 
   199    0.00149668     -0.016569             0     0.0180656             0             0             0             0             0             0 
   200   -0.00109865    -0.0078018             0    0.00670315             0             0             0             0             0             0 
   201    0.00353359    0.00341355             0   0.000120045             0             0             0             0             0             0 
   202    0.00268795   -0.00261204             0    0.00529999             0             0             0             0             0             0 
   203    -0.0101226    0.00114221             0    -0.0112648             0             0             0             0             0             0 
   204    0.00408066    0.00388028             0   0.000200386             0             0             0             0             0             0 
   205    -0.0039439   -0.00347463             0  -0.000469274             0             0             0             0             0             0 
   206   -0.00326557   -0.00228836             0  -0.000977204             0             0             0             0             0             0 
   213   0.000646771    0.00115774             0  -0.000510973             0             0             0             0             0             0 
   214   -0.00852073     0.0102452             0    -0.0187659             0             0             0             0             0             0 
   215   -0.00813472     0.0078968             0    -0.0160315             0             0             0             0             0             0 
   216   -0.00087028   -0.00125999             0   0.000389709             0             0             0             0             0             0 
   217   -0.00106168    -0.0107113             0     0.0096496             0             0             0             0             0             0 
   218    -0.0116329   -0.00259269             0   -0.00904025             0             0             0             0             0             0 
   219   -0.00162086   -0.00176366             0   0.000142803             0             0             0             0             0             0 
   220     0.0241735   -0.00215894             0     0.0263324             0             0             0             0             0             0 
   221  -0.000477332    -0.0329034             0     0.0324261             0             0             0             0             0             0 
   222   0.000967167   0.000987367             0  -2.01992e-05             0             0             0             0             0             0 
   223     0.0063405    0.00227134             0    0.00406916             0             0             0             0             0             0 
   224   -0.00399558     0.0145349             0    -0.0185304             0             0             0             0             0             0 
   225    0.00321409    0.00299861             0   0.000215478             0             0             0             0             0             0 
   226   -0.00209058   -0.00414021             0    0.00204963             0             0             0             0             0             0 
   227    -0.0102132   0.000116684             0    -0.0103299             0             0             0             0             0             0 
   234  -0.000558039  -0.000209687             0  -0.000348352             0             0             0             0             0             0 
   235  -0.000680974     0.0012683             0   -0.00194927             0             0             0             0             0             0 
   236   -0.00850198    0.00205544             0    -0.0105574             0             0             0             0             0             0 
   237  -0.000374383  -0.000651433             0    0.00027705             0             0             0             0             0             0 
   238    0.00341852   -0.00057772             0    0.00399624             0             0             0             0             0             0 
   239    -0.0090219    -0.0101185             0    0.00109659             0             0             0             0             0             0 
   240    0.00622803     0.0062571             0  -2.90638e-05             0             0             0             0             0             0 
   241    0.00795536   0.000411502             0    0.00754386             0             0             0             0             0             0 
   242     0.0186597    -0.0252052             0     0.0438648             0             0             0             0             0             0 
   243  -0.000970655   -0.00109795             0   0.000127297             0             0             0             0             0             0 
   244   3.87152e-05    0.00697847             0   -0.00693975             0             0             0             0             0             0 
   245    0.00303727     0.0306148             0    -0.0275776             0             0             0             0             0             0 
   246   -0.00426614   -0.00455685             0   0.000290707             0             0             0             0             0             0 
   247    0.00301851   0.000568832             0    0.00244968             0             0             0             0             0             0 
   248    -0.0119222   -0.00454256             0   -0.00737967             0             0             0             0             0             0 
   255   -0.00086419  -0.000405452             0  -0.000458738             0             0             0             0             0             0 
   256   0.000961727    0.00489891             0   -0.00393718             0             0             0             0             0             0 
   257    -0.0041396    0.00168274             0   -0.00582234             0             0             0             0             0             0 
   258   0.000474297   0.000308484             0   0.000165813             0             0             0             0             0             0 
   259   0.000380187   -0.00549428             0    0.00587447             0             0             0             0             0             0 
   260   -0.00229657   -0.00774615             0    0.00544958             0             0             0             0             0             0 
   261    0.00538962    0.00539156             0  -1.94196e-06             0             0             0             0             0             0 
   262    0.00294577   -0.00441228             0    0.00735805             0             0             0             0             0             0 
   263     0.0153816   -0.00541767             0     0.0207993             0             0             0             0             0             0 
   264   -0.00128141   -0.00164062             0   0.000359205             0             0             0             0             0             0 
   265   -0.00187166    0.00878358             0    -0.0106552             0             0             0             0             0             0 
   266   -0.00127993     0.0278598             0    -0.0291398             0             0             0             0             0             0 
   267   -0.00472979   -0.00514888             0   0.000419095             0             0             0             0             0             0 
   268    0.00307809   0.000907446             0    0.00217065             0             0             0             0             0             0 
   269   -0.00957173    -0.0134063             0    0.00383457             0             0             0             0             0             0 
   318   -0.00082143   -0.00066556             0   -0.00015587             0             0             0             0             0             0 
   319   -0.00158797      0.010758             0     -0.012346             0             0             0             0             0             0 
   320   -0.00203619   -0.00288194             0   0.000845753             0             0             0             0             0             0 
   321   0.000912904   0.000888735             0   2.41691e-05             0             0             0             0             0             0 
   322   -0.00514659    -0.0046886             0  -0.000457993             0             0             0             0             0             0 
   323    -0.0014612    0.00332263             0   -0.00478383             0             0             0             0             0             0 
   324    0.00213076        0.0021             0   3.07583e-05             0             0             0             0             0             0 
   325   -0.00473677   -0.00419199             0  -0.000544786             0             0             0             0             0             0 
   326     0.0020309   -0.00258729             0    0.00461818             0             0             0             0             0             0 
   327    0.00215778    0.00205064             0   0.000107147             0             0             0             0             0             0 
   328   -0.00535765   -0.00260677             0   -0.00275089             0             0             0             0             0             0 
   329    0.00792766    0.00199775             0    0.00592991             0             0             0             0             0             0 
   330     0.0010845   0.000980968             0   0.000103528             0             0             0             0             0             0 
   331   -0.00375314   -0.00111442             0   -0.00263872             0             0             0             0             0             0 
   332    0.00652983   0.000453043             0    0.00607679             0             0             0             0             0             0 
   339   0.000353959   0.000785434             0  -0.000431474             0             0             0             0             0             0 
   340    -0.0101648      0.029635             0    -0.0397998             0             0             0             0             0             0 
   341   -0.00214847   -0.00350036             0    0.00135189             0             0             0             0             0             0 
   342     0.0073597    0.00730044             0   5.92591e-05             0             0             0             0             0             0 
   343    -0.0237821    -0.0233029             0  -0.000479178             0             0             0             0             0             0 
   344     0.0028594    0.00550054             0   -0.00264114             0             0             0             0             0             0 
   345    0.00359045    0.00338328             0   0.000207176             0             0             0             0             0             0 
   346   9.68022e-05    -0.0209719             0     0.0210687             0             0             0             0             0             0 
   347    0.00376093    0.00272188             0    0.00103905             0             0             0             0             0             0 
   348    0.00650672    0.00641825             0   8.84674e-05             0             0             0             0             0             0 
   349   -0.00744923    -0.0079737             0   0.000524466             0             0             0             0             0             0 
   350  -0.000228942    0.00275945             0   -0.00298839             0             0             0             0             0             0 
   351     0.0103117     0.0101308             0   0.000180879             0             0             0             0             0             0 
   352     -0.019851    -0.0121034             0   -0.00774762             0             0             0             0             0             0 
   353    0.00532702   -0.00438501             0    0.00971202             0             0             0             0             0             0 
   360    0.00214852     0.0025349             0  -0.000386376             0             0             0             0             0             0 
   361    -0.0100542     0.0108247             0    -0.0208788             0             0             0             0             0             0 
   362   -0.00243466   -0.00132708             0   -0.00110758             0             0             0             0             0             0 
   363    0.00219576    0.00195383             0   0.000241932             0             0             0             0             0             0 
   364   -0.00595966    -0.0160584             0     0.0100988             0             0             0             0             0             0 
   365   0.000486732     0.0025353             0   -0.00204857             0             0             0             0             0             0 
   366    -0.0062678   -0.00648383             0   0.000216029             0             0             0             0             0             0 
   367     0.0266334    -0.0072012             0     0.0338346             0             0             0             0             0             0 
   368    0.00422548    -0.0026791             0    0.00690458             0             0             0             0             0             0 
   369    0.00242981     0.0024058             0   2.40066e-05             0             0             0             0             0             0 
   370    0.00133178   -0.00374109             0    0.00507287             0             0             0             0             0             0 
   371   -0.00301226    0.00956213             0    -0.0125744             0             0             0             0             0             0 
   372    0.00209001     0.0018012             0   0.000288807             0             0             0             0             0             0 
   373    -0.0013566   -0.00551774             0    0.00416114             0             0             0             0             0             0 
   374  -0.000587158   -0.00438734             0    0.00380018             0             0             0             0             0             0 
   381   0.000306314   0.000467824             0   -0.00016151             0             0             0             0             0             0 
   382  -0.000789823   0.000418245             0   -0.00120807             0             0             0             0             0             0 
   383   -0.00276404   -0.00160021             0   -0.00116383             0             0             0             0             0             0 
   384  -0.000787563  -0.000906486             0   0.000118923             0             0             0             0             0             0 
   385    0.00378432   -0.00063058             0     0.0044149             0             0             0             0             0             0 
   386   -0.00210462   -0.00191626             0  -0.000188355             0             0             0             0             0             0 
   387   0.000285472   0.000287592             0  -2.12096e-06             0             0             0             0             0             0 
   388    0.00845111    0.00279129             0    0.00565982             0             0             0             0             0             0 
   389      0.009255   -0.00426099             0      0.013516             0             0             0             0             0             0 
   390   -0.00283121   -0.00294844             0   0.000117227             0             0             0             0             0             0 
   391    0.00214031    0.00446002             0   -0.00231971             0             0             0             0             0             0 
   392  -0.000705086     0.0164674             0    -0.0171725             0             0             0             0             0             0 
   393    -0.0116713    -0.0119619             0   0.000290604             0             0             0             0             0             0 
   394     0.0175301    0.00851367             0    0.00901647             0             0             0             0             0             0 
   395     -0.006697    -0.0103177             0    0.00362074             0             0             0             0             0             0 
   402   -0.00020554   1.06697e-05             0  -0.000216209             0             0             0             0             0             0 
   403   0.000871513    0.00177605             0  -0.000904538             0             0             0             0             0             0 
   404   -0.00116657  -0.000743491             0  -0.000423082             0             0             0             0             0             0 
   405   0.000192024   0.000159335             0    3.2689e-05             0             0             0             0             0             0 
   406   0.000655328    -0.0022771             0    0.00293243             0             0             0             0             0             0 
   407  -5.89077e-05   -0.00260402             0    0.00254511             0             0             0             0             0             0 
   408    0.00188792    0.00186789             0   2.00311e-05             0             0             0             0             0             0 
   409    0.00222568   2.38727e-06             0    0.00222329             0             0             0             0             0             0 
   410    0.00772725   0.000532438             0    0.00719481             0             0             0             0             0             0 
   411   -0.00274035    -0.0029807             0   0.000240346             0             0             0             0             0             0 
   412   -0.00220451    0.00356567             0   -0.00577018             0             0             0             0             0             0 
   413   -0.00146308     0.0125989             0     -0.014062             0             0             0             0             0             0 
   414   -0.00551091   -0.00575825             0   0.000247338             0             0             0             0             0             0 
   415    0.00131029   -0.00016918             0    0.00147947             0             0             0             0             0             0 
   416   -0.00323604     -0.013231             0      0.009995             0             0             0             0             0             0 
