#varID         total       dxdbVol      dxdbSurf          dSdb          dndb    dxdbDirect          dVdb      distance       options          dvdb
   171   -0.00319365   -0.00274803             0  -0.000445612             0             0             0             0             0             0 
   172    0.00237498     0.0125572             0    -0.0101823             0             0             0             0             0             0 
   173    -0.0229289      0.036249             0     -0.059178             0             0             0             0             0             0 
   174   0.000362202   0.000190472             0    0.00017173             0             0             0             0             0             0 
   175   -0.00108649   -0.00141352             0   0.000327028             0             0             0             0             0             0 
   176    -0.0184556    -0.0127825             0   -0.00567306             0             0             0             0             0             0 
   177    0.00733784    0.00722355             0   0.000114283             0             0             0             0             0             0 
   178    -0.0111164   -0.00192198             0   -0.00919444             0             0             0             0             0             0 
   179   -0.00691759    -0.0466342             0     0.0397166             0             0             0             0             0             0 
   180    0.00864932    0.00819122             0   0.000458101             0             0             0             0             0             0 
   181    -0.0170109    0.00371659             0    -0.0207275             0             0             0             0             0             0 
   182    0.00708313    -0.0505828             0     0.0576659             0             0             0             0             0             0 
   183    0.00199879    0.00176935             0   0.000229437             0             0             0             0             0             0 
   184   -0.00927175  -0.000673879             0   -0.00859787             0             0             0             0             0             0 
   185     0.0121094    -0.0130659             0     0.0251753             0             0             0             0             0             0 
   192    -0.0048193   -0.00414109             0  -0.000678207             0             0             0             0             0             0 
   193    -0.0026614     0.0430724             0    -0.0457338             0             0             0             0             0             0 
   194     -0.026245     0.0496447             0    -0.0758897             0             0             0             0             0             0 
   195   0.000622364    0.00036793             0   0.000254434             0             0             0             0             0             0 
   196   -0.00258696    -0.0140442             0     0.0114573             0             0             0             0             0             0 
   197    -0.0254646    -0.0147122             0    -0.0107524             0             0             0             0             0             0 
   198    0.00948508    0.00927756             0   0.000207524             0             0             0             0             0             0 
   199    0.00156565    -0.0223253             0      0.023891             0             0             0             0             0             0 
   200    -0.0220794    -0.0439666             0     0.0218873             0             0             0             0             0             0 
   201     0.0219855     0.0214544             0    0.00053115             0             0             0             0             0             0 
   202    -0.0149987   -0.00118457             0    -0.0138141             0             0             0             0             0             0 
   203   -0.00956978    -0.0575942             0     0.0480244             0             0             0             0             0             0 
   204     0.0134039     0.0130457             0   0.000358155             0             0             0             0             0             0 
   205    -0.0184365   -0.00850848             0   -0.00992801             0             0             0             0             0             0 
   206      0.012596    -0.0254228             0     0.0380188             0             0             0             0             0             0 
   213   -0.00370487   -0.00304365             0  -0.000661212             0             0             0             0             0             0 
   214   -0.00215251     0.0273574             0    -0.0295099             0             0             0             0             0             0 
   215     -0.033462     0.0662753             0    -0.0997372             0             0             0             0             0             0 
   216   0.000648998   0.000357624             0   0.000291373             0             0             0             0             0             0 
   217    0.00239832    -0.0190899             0     0.0214882             0             0             0             0             0             0 
   218    -0.0329187    -0.0273124             0   -0.00560621             0             0             0             0             0             0 
   219    0.00403516    0.00399596             0   3.92074e-05             0             0             0             0             0             0 
   220     0.0124091    -0.0214471             0     0.0338562             0             0             0             0             0             0 
   221    -0.0344458    -0.0645949             0     0.0301491             0             0             0             0             0             0 
   222     0.0225912     0.0221633             0   0.000427829             0             0             0             0             0             0 
   223   -0.00107375   -0.00870482             0    0.00763107             0             0             0             0             0             0 
   224    -0.0280658    -0.0765255             0     0.0484597             0             0             0             0             0             0 
   225     0.0143088     0.0138356             0   0.000473256             0             0             0             0             0             0 
   226    0.00410079   -0.00211467             0    0.00621547             0             0             0             0             0             0 
   227    0.00986504     -0.039027             0      0.048892             0             0             0             0             0             0 
   234   -0.00283811   -0.00230866             0  -0.000529447             0             0             0             0             0             0 
   235   0.000578704    0.00694047             0   -0.00636177             0             0             0             0             0             0 
   236    -0.0265103     0.0511495             0    -0.0776598             0             0             0             0             0             0 
   237   0.000570499   0.000531115             0   3.93832e-05             0             0             0             0             0             0 
   238    0.00212322  -0.000114509             0    0.00223773             0             0             0             0             0             0 
   239    -0.0262344    -0.0225148             0   -0.00371959             0             0             0             0             0             0 
   240    0.00387756    0.00409204             0  -0.000214488             0             0             0             0             0             0 
   241  -0.000763122   -0.00193441             0    0.00117129             0             0             0             0             0             0 
   242    -0.0300393    -0.0588909             0     0.0288516             0             0             0             0             0             0 
   243     0.0116555     0.0112391             0    0.00041639             0             0             0             0             0             0 
   244    0.00130549   -0.00491714             0    0.00622263             0             0             0             0             0             0 
   245    -0.0226484    -0.0624143             0     0.0397659             0             0             0             0             0             0 
   246   0.000283229  -0.000347713             0   0.000630942             0             0             0             0             0             0 
   247      0.021304    0.00843667             0     0.0128673             0             0             0             0             0             0 
   248     0.0398937    -0.0158922             0     0.0557859             0             0             0             0             0             0 
   255    -0.0017619   -0.00113676             0  -0.000625138             0             0             0             0             0             0 
   256   0.000200697     0.0119409             0    -0.0117402             0             0             0             0             0             0 
   257    -0.0133681       0.03444             0    -0.0478081             0             0             0             0             0             0 
   258   0.000718676    0.00089845             0  -0.000179775             0             0             0             0             0             0 
   259   -0.00254211    0.00516125             0   -0.00770336             0             0             0             0             0             0 
   260     -0.016177    -0.0040558             0    -0.0121212             0             0             0             0             0             0 
   261    0.00287661    0.00316401             0  -0.000287399             0             0             0             0             0             0 
   262    -0.0115847   -0.00124272             0     -0.010342             0             0             0             0             0             0 
   263     -0.024673    -0.0274343             0    0.00276123             0             0             0             0             0             0 
   264    0.00494817    0.00429112             0   0.000657054             0             0             0             0             0             0 
   265    0.00171441    -0.0125306             0      0.014245             0             0             0             0             0             0 
   266   -0.00576921    -0.0346943             0      0.028925             0             0             0             0             0             0 
   267   -0.00226001   -0.00311627             0   0.000856256             0             0             0             0             0             0 
   268     0.0250284   -0.00613289             0     0.0311613             0             0             0             0             0             0 
   269     0.0587767   -0.00664036             0      0.065417             0             0             0             0             0             0 
   318  -0.000753296  -0.000580926             0   -0.00017237             0             0             0             0             0             0 
   319   -0.00198531     0.0144303             0    -0.0164156             0             0             0             0             0             0 
   320    -0.0041589    0.00650964             0    -0.0106685             0             0             0             0             0             0 
   321   0.000386374   0.000355746             0   3.06283e-05             0             0             0             0             0             0 
   322   -0.00361419   -0.00185836             0   -0.00175583             0             0             0             0             0             0 
   323   -0.00226508   3.20073e-06             0   -0.00226828             0             0             0             0             0             0 
   324    0.00328009    0.00325167             0   2.84176e-05             0             0             0             0             0             0 
   325    -0.0051124   -0.00355302             0   -0.00155938             0             0             0             0             0             0 
   326   -0.00100282   -0.00905423             0    0.00805142             0             0             0             0             0             0 
   327    0.00608533    0.00593203             0     0.0001533             0             0             0             0             0             0 
   328    -0.0146849  -0.000512523             0    -0.0141724             0             0             0             0             0             0 
   329    0.00882343    -0.0161848             0     0.0250083             0             0             0             0             0             0 
   330    0.00286967    0.00276431             0   0.000105364             0             0             0             0             0             0 
   331    -0.0138037   -0.00479528             0   -0.00900843             0             0             0             0             0             0 
   332     0.0148865    -0.0026959             0     0.0175824             0             0             0             0             0             0 
   339  -0.000255407   0.000164739             0  -0.000420146             0             0             0             0             0             0 
   340   -0.00938735     0.0490754             0    -0.0584627             0             0             0             0             0             0 
   341   -0.00533649    0.00951912             0    -0.0148556             0             0             0             0             0             0 
   342    0.00418209    0.00405279             0   0.000129292             0             0             0             0             0             0 
   343    -0.0145491    -0.0191107             0    0.00456166             0             0             0             0             0             0 
   344    0.00393851    0.00560786             0   -0.00166935             0             0             0             0             0             0 
   345    0.00539085    0.00518985             0   0.000200997             0             0             0             0             0             0 
   346   -0.00145071    -0.0341162             0     0.0326655             0             0             0             0             0             0 
   347    0.00103208    0.00137352             0  -0.000341448             0             0             0             0             0             0 
   348     0.0229118     0.0226447             0   0.000267034             0             0             0             0             0             0 
   349     -0.026114    -0.0154384             0    -0.0106756             0             0             0             0             0             0 
   350    0.00731537    -0.0228874             0     0.0302028             0             0             0             0             0             0 
   351     0.0219602     0.0216778             0   0.000282346             0             0             0             0             0             0 
   352     -0.041379    -0.0276757             0    -0.0137034             0             0             0             0             0             0 
   353     0.0367793   -0.00649165             0      0.043271             0             0             0             0             0             0 
   360    0.00156644    0.00191624             0  -0.000349797             0             0             0             0             0             0 
   361   -0.00507029     0.0318382             0    -0.0369085             0             0             0             0             0             0 
   362   -0.00925384     0.0145975             0    -0.0238514             0             0             0             0             0             0 
   363    0.00198609    0.00176314             0   0.000222951             0             0             0             0             0             0 
   364    -0.0013701    -0.0256521             0      0.024282             0             0             0             0             0             0 
   365  -0.000506503    0.00151519             0    -0.0020217             0             0             0             0             0             0 
   366   -0.00240724   -0.00251312             0   0.000105877             0             0             0             0             0             0 
   367     0.0129047    -0.0343016             0     0.0472063             0             0             0             0             0             0 
   368   -0.00411188   -0.00398706             0  -0.000124817             0             0             0             0             0             0 
   369     0.0191484     0.0189443             0   0.000204104             0             0             0             0             0             0 
   370   -0.00471218    -0.0148412             0      0.010129             0             0             0             0             0             0 
   371   -0.00961908    -0.0400409             0     0.0304218             0             0             0             0             0             0 
   372  -0.000576832   -0.00096219             0   0.000385358             0             0             0             0             0             0 
   373    0.00973755    0.00093259             0    0.00880496             0             0             0             0             0             0 
   374     0.0398231    -0.0154215             0     0.0552446             0             0             0             0             0             0 
   381  -0.000123021   4.28168e-05             0  -0.000165837             0             0             0             0             0             0 
   382   0.000379721    0.00362815             0   -0.00324843             0             0             0             0             0             0 
   383   -0.00746992     0.0131213             0    -0.0205913             0             0             0             0             0             0 
   384  -0.000850225  -0.000891868             0   4.16427e-05             0             0             0             0             0             0 
   385    0.00421094   -0.00217014             0    0.00638108             0             0             0             0             0             0 
   386   -0.00654711   -0.00441114             0   -0.00213597             0             0             0             0             0             0 
   387   2.63415e-05   0.000135195             0  -0.000108854             0             0             0             0             0             0 
   388    0.00352435   -0.00159857             0    0.00512292             0             0             0             0             0             0 
   389    -0.0134962    -0.0165272             0    0.00303109             0             0             0             0             0             0 
   390    0.00469261    0.00452119             0   0.000171419             0             0             0             0             0             0 
   391    0.00754652    0.00208918             0    0.00545735             0             0             0             0             0             0 
   392   -0.00916906     -0.030431             0      0.021262             0             0             0             0             0             0 
   393    -0.0207921    -0.0212177             0   0.000425567             0             0             0             0             0             0 
   394     0.0419082     0.0283599             0     0.0135483             0             0             0             0             0             0 
   395     0.0547775    0.00727302             0     0.0475045             0             0             0             0             0             0 
   402  -0.000375308  -0.000162243             0  -0.000213065             0             0             0             0             0             0 
   403    0.00122658    0.00257313             0   -0.00134655             0             0             0             0             0             0 
   404   -0.00372078    0.00808243             0    -0.0118032             0             0             0             0             0             0 
   405   0.000228552   0.000271418             0  -4.28661e-05             0             0             0             0             0             0 
   406    0.00063137    0.00176707             0    -0.0011357             0             0             0             0             0             0 
   407   -0.00417411   -0.00194815             0   -0.00222596             0             0             0             0             0             0 
   408    0.00109537    0.00119859             0  -0.000103221             0             0             0             0             0             0 
   409   -0.00359396    0.00075771             0   -0.00435167             0             0             0             0             0             0 
   410    -0.0112442   -0.00954881             0   -0.00169534             0             0             0             0             0             0 
   411    0.00269342    0.00241534             0   0.000278084             0             0             0             0             0             0 
   412    0.00181198   -0.00205828             0    0.00387026             0             0             0             0             0             0 
   413   0.000309119    -0.0148866             0     0.0151957             0             0             0             0             0             0 
   414   -0.00366292   -0.00409742             0   0.000434505             0             0             0             0             0             0 
   415     0.0166021    0.00272264             0     0.0138795             0             0             0             0             0             0 
   416     0.0536149     0.0089951             0     0.0446198             0             0             0             0             0             0 
