#varID         total       dxdbVol      dxdbSurf          dSdb          dndb    dxdbDirect          dVdb      distance       options          dvdb
   171   -0.00216614    -0.0018125             0   -0.00035364             0             0             0             0             0             0 
   172   -0.00161184     0.0123889             0    -0.0140008             0             0             0             0             0             0 
   173   -0.00890573      0.013251             0    -0.0221567             0             0             0             0             0             0 
   174   0.000756588   0.000581789             0   0.000174798             0             0             0             0             0             0 
   175   -0.00385085   -0.00589395             0     0.0020431             0             0             0             0             0             0 
   176   -0.00764546    0.00847189             0    -0.0161174             0             0             0             0             0             0 
   177     0.0070691    0.00696945             0   9.96572e-05             0             0             0             0             0             0 
   178    -0.0107769   -0.00561521             0   -0.00516165             0             0             0             0             0             0 
   179   -0.00154254    -0.0200812             0     0.0185386             0             0             0             0             0             0 
   180    0.00480511    0.00446033             0   0.000344779             0             0             0             0             0             0 
   181   -0.00962436   -0.00135696             0    -0.0082674             0             0             0             0             0             0 
   182    0.00252783    -0.0221354             0     0.0246632             0             0             0             0             0             0 
   183  -0.000513295  -0.000723893             0   0.000210598             0             0             0             0             0             0 
   184  -0.000150159    0.00261718             0   -0.00276734             0             0             0             0             0             0 
   185    0.00575083    -0.0070397             0     0.0127905             0             0             0             0             0             0 
   192   -0.00214667   -0.00156021             0  -0.000586457             0             0             0             0             0             0 
   193   -0.00995735     0.0417407             0    -0.0516981             0             0             0             0             0             0 
   194    -0.0139354     0.0159367             0    -0.0298721             0             0             0             0             0             0 
   195    0.00366848    0.00340113             0   0.000267352             0             0             0             0             0             0 
   196    -0.0122715    -0.0234216             0     0.0111501             0             0             0             0             0             0 
   197    -0.0117385    0.00574538             0    -0.0174838             0             0             0             0             0             0 
   198    0.00412947    0.00396458             0   0.000164893             0             0             0             0             0             0 
   199    0.00464767    -0.0246648             0     0.0293125             0             0             0             0             0             0 
   200   -0.00866286    -0.0150238             0    0.00636091             0             0             0             0             0             0 
   201      0.006896    0.00664487             0   0.000251129             0             0             0             0             0             0 
   202   -0.00118392   -0.00232426             0    0.00114033             0             0             0             0             0             0 
   203    -0.0126128      -0.01796             0    0.00534719             0             0             0             0             0             0 
   204    0.00608393    0.00579079             0   0.000293134             0             0             0             0             0             0 
   205   -0.00498987   -0.00176177             0    -0.0032281             0             0             0             0             0             0 
   206   0.000570279     -0.012681             0     0.0132512             0             0             0             0             0             0 
   213  -0.000197552   0.000339312             0  -0.000536864             0             0             0             0             0             0 
   214   -0.00615278     0.0239191             0    -0.0300719             0             0             0             0             0             0 
   215    -0.0219288     0.0252096             0    -0.0471384             0             0             0             0             0             0 
   216     0.0018995    0.00153407             0   0.000365428             0             0             0             0             0             0 
   217   6.52869e-05    -0.0199495             0     0.0200148             0             0             0             0             0             0 
   218     -0.019041     -0.014758             0   -0.00428295             0             0             0             0             0             0 
   219   -0.00489245   -0.00493732             0   4.48707e-05             0             0             0             0             0             0 
   220     0.0237967    -0.0135457             0     0.0373423             0             0             0             0             0             0 
   221    -0.0110804    -0.0431745             0     0.0320941             0             0             0             0             0             0 
   222    0.00371265    0.00365842             0   5.42279e-05             0             0             0             0             0             0 
   223    0.00578058   -0.00184467             0    0.00762524             0             0             0             0             0             0 
   224     -0.013632    -0.0100888             0   -0.00354321             0             0             0             0             0             0 
   225    0.00707502    0.00675268             0   0.000322337             0             0             0             0             0             0 
   226    0.00153604   -0.00204544             0    0.00358148             0             0             0             0             0             0 
   227   -0.00520448    -0.0119502             0    0.00674572             0             0             0             0             0             0 
   234   -0.00103874  -0.000642116             0  -0.000396621             0             0             0             0             0             0 
   235  -0.000334447     0.0042493             0   -0.00458374             0             0             0             0             0             0 
   236    -0.0176592     0.0185879             0    -0.0362471             0             0             0             0             0             0 
   237   0.000344661   0.000153442             0   0.000191219             0             0             0             0             0             0 
   238    0.00246264     -0.003317             0    0.00577964             0             0             0             0             0             0 
   239    -0.0147025    -0.0222022             0    0.00749961             0             0             0             0             0             0 
   240   0.000819396   0.000923832             0  -0.000104437             0             0             0             0             0             0 
   241    0.00417419   -0.00231471             0     0.0064889             0             0             0             0             0             0 
   242   -0.00202971    -0.0468801             0     0.0448504             0             0             0             0             0             0 
   243   0.000319393   0.000146413             0    0.00017298             0             0             0             0             0             0 
   244  -0.000226242    0.00183774             0   -0.00206399             0             0             0             0             0             0 
   245   -0.00150068     0.0114657             0    -0.0129664             0             0             0             0             0             0 
   246   -0.00159236   -0.00201984             0   0.000427479             0             0             0             0             0             0 
   247     0.0107571    0.00372991             0    0.00702715             0             0             0             0             0             0 
   248    0.00827929   -0.00130042             0     0.0095797             0             0             0             0             0             0 
   255   -0.00120886  -0.000704491             0  -0.000504367             0             0             0             0             0             0 
   256   0.000196026    0.00698326             0   -0.00678723             0             0             0             0             0             0 
   257   -0.00932023     0.0117422             0    -0.0210624             0             0             0             0             0             0 
   258   0.000525866    0.00048414             0   4.17259e-05             0             0             0             0             0             0 
   259   -0.00194191   -0.00505576             0    0.00311385             0             0             0             0             0             0 
   260   -0.00793263    -0.0134618             0    0.00552918             0             0             0             0             0             0 
   261     0.0024177    0.00252121             0   -0.00010351             0             0             0             0             0             0 
   262   -0.00518888   -0.00600254             0   0.000813656             0             0             0             0             0             0 
   263   -0.00146251    -0.0218446             0     0.0203821             0             0             0             0             0             0 
   264     0.0008063   0.000363819             0   0.000442481             0             0             0             0             0             0 
   265   -0.00617762   -0.00018903             0   -0.00598859             0             0             0             0             0             0 
   266   -6.1373e-05     0.0160868             0    -0.0161482             0             0             0             0             0             0 
   267   -0.00138779   -0.00199091             0   0.000603119             0             0             0             0             0             0 
   268     0.0119891  -0.000254639             0     0.0122437             0             0             0             0             0             0 
   269     0.0152982   -0.00619355             0     0.0214918             0             0             0             0             0             0 
   318  -0.000406691   -0.00023993             0  -0.000166762             0             0             0             0             0             0 
   319   -0.00436386     0.0126205             0    -0.0169844             0             0             0             0             0             0 
   320   -0.00188591   0.000300289             0    -0.0021862             0             0             0             0             0             0 
   321    0.00141758     0.0013848             0   3.27807e-05             0             0             0             0             0             0 
   322   -0.00701306   -0.00536831             0   -0.00164475             0             0             0             0             0             0 
   323  -0.000892648    0.00289211             0   -0.00378476             0             0             0             0             0             0 
   324    0.00306764    0.00303367             0   3.39688e-05             0             0             0             0             0             0 
   325   -0.00559584   -0.00557372             0  -2.21232e-05             0             0             0             0             0             0 
   326    0.00187957   -0.00385264             0    0.00573221             0             0             0             0             0             0 
   327    0.00307578    0.00294463             0   0.000131148             0             0             0             0             0             0 
   328   -0.00778763   -0.00125091             0   -0.00653671             0             0             0             0             0             0 
   329    0.00743591   -0.00613048             0     0.0135664             0             0             0             0             0             0 
   330    0.00122768     0.0011122             0   0.000115476             0             0             0             0             0             0 
   331   -0.00523036  -0.000520557             0    -0.0047098             0             0             0             0             0             0 
   332    0.00895995    -0.0020141             0      0.010974             0             0             0             0             0             0 
   339    0.00115801    0.00158871             0  -0.000430699             0             0             0             0             0             0 
   340    -0.0165434     0.0416902             0    -0.0582336             0             0             0             0             0             0 
   341   -0.00376479  -0.000510532             0   -0.00325426             0             0             0             0             0             0 
   342    0.00923675    0.00911915             0   0.000117599             0             0             0             0             0             0 
   343    -0.0265312    -0.0288262             0    0.00229502             0             0             0             0             0             0 
   344    0.00479169     0.0066031             0   -0.00181142             0             0             0             0             0             0 
   345    0.00334281    0.00314744             0   0.000195371             0             0             0             0             0             0 
   346    0.00131412    -0.0326023             0     0.0339165             0             0             0             0             0             0 
   347     0.0064097    0.00677984             0  -0.000370145             0             0             0             0             0             0 
   348    0.00991903    0.00976157             0   0.000157455             0             0             0             0             0             0 
   349    -0.0103233   -0.00960469             0  -0.000718602             0             0             0             0             0             0 
   350    0.00153924   -0.00702873             0    0.00856797             0             0             0             0             0             0 
   351     0.0140254     0.0137583             0   0.000267051             0             0             0             0             0             0 
   352    -0.0222349    -0.0139595             0   -0.00827542             0             0             0             0             0             0 
   353     0.0148929    -0.0079404             0     0.0228333             0             0             0             0             0             0 
   360    0.00289121    0.00325016             0  -0.000358944             0             0             0             0             0             0 
   361   -0.00941831     0.0253576             0    -0.0347759             0             0             0             0             0             0 
   362   -0.00675715    0.00272261             0   -0.00947976             0             0             0             0             0             0 
   363    0.00416243    0.00392056             0   0.000241867             0             0             0             0             0             0 
   364   -0.00535565    -0.0260491             0     0.0206934             0             0             0             0             0             0 
   365    0.00237859    0.00274097             0  -0.000362379             0             0             0             0             0             0 
   366   -0.00992399    -0.0100509             0   0.000126905             0             0             0             0             0             0 
   367     0.0261426    -0.0213698             0     0.0475124             0             0             0             0             0             0 
   368    0.00587861   0.000314191             0    0.00556442             0             0             0             0             0             0 
   369    0.00547793    0.00542051             0   5.74193e-05             0             0             0             0             0             0 
   370    0.00169957   -0.00705885             0    0.00875842             0             0             0             0             0             0 
   371   -0.00625528   -0.00573312             0  -0.000522152             0             0             0             0             0             0 
   372    0.00440572    0.00404141             0   0.000364311             0             0             0             0             0             0 
   373    0.00510997   0.000571855             0    0.00453811             0             0             0             0             0             0 
   374    0.00762534    -0.0121333             0     0.0197587             0             0             0             0             0             0 
   381   0.000378371   0.000533566             0  -0.000155195             0             0             0             0             0             0 
   382  -0.000245817    0.00249393             0   -0.00273975             0             0             0             0             0             0 
   383   -0.00517804    0.00383974             0   -0.00901778             0             0             0             0             0             0 
   384  -0.000985689   -0.00106753             0   8.18417e-05             0             0             0             0             0             0 
   385    0.00432598   -0.00252063             0    0.00684661             0             0             0             0             0             0 
   386   -0.00343865   -0.00487693             0    0.00143828             0             0             0             0             0             0 
   387   -0.00265297   -0.00259909             0  -5.38791e-05             0             0             0             0             0             0 
   388    0.00713222   0.000627512             0    0.00650471             0             0             0             0             0             0 
   389  -0.000343613     -0.012368             0     0.0120244             0             0             0             0             0             0 
   390   -0.00189055   -0.00201308             0   0.000122527             0             0             0             0             0             0 
   391    0.00408301    0.00341036             0   0.000672651             0             0             0             0             0             0 
   392  -0.000920868     0.0069119             0   -0.00783277             0             0             0             0             0             0 
   393    -0.0133064    -0.0136672             0   0.000360788             0             0             0             0             0             0 
   394     0.0287304     0.0181445             0     0.0105859             0             0             0             0             0             0 
   395     0.0140349   -0.00274745             0     0.0167823             0             0             0             0             0             0 
   402  -0.000244132  -3.55611e-05             0  -0.000208571             0             0             0             0             0             0 
   403     0.0011218    0.00211139             0  -0.000989583             0             0             0             0             0             0 
   404   -0.00251042    0.00231781             0   -0.00482823             0             0             0             0             0             0 
   405   0.000104894   0.000107289             0  -2.39429e-06             0             0             0             0             0             0 
   406   0.000631076   -0.00156233             0    0.00219341             0             0             0             0             0             0 
   407   -0.00180203   -0.00439445             0    0.00259241             0             0             0             0             0             0 
   408   0.000500165   0.000530893             0   -3.0728e-05             0             0             0             0             0             0 
   409  -0.000600005   -0.00056282             0  -3.71844e-05             0             0             0             0             0             0 
   410  -0.000274382   -0.00599099             0     0.0057166             0             0             0             0             0             0 
   411  -0.000937954   -0.00119612             0   0.000258166             0             0             0             0             0             0 
   412   -0.00315117   5.86624e-05             0   -0.00320983             0             0             0             0             0             0 
   413    0.00199952    0.00865717             0   -0.00665765             0             0             0             0             0             0 
   414   -0.00200922   -0.00234555             0   0.000336335             0             0             0             0             0             0 
   415    0.00662094   0.000659401             0    0.00596154             0             0             0             0             0             0 
   416      0.017671   -0.00362111             0     0.0212921             0             0             0             0             0             0 
