#varID         total       dxdbVol      dxdbSurf          dSdb          dndb    dxdbDirect          dVdb      distance       options          dvdb
   171   -0.00238529   -0.00207606             0  -0.000309223             0             0             0             0             0             0 
   172   -0.00154918     0.0109616             0    -0.0125108             0             0             0             0             0             0 
   173   -0.00530753    0.00356607             0    -0.0088736             0             0             0             0             0             0 
   174   0.000619082   0.000444765             0   0.000174318             0             0             0             0             0             0 
   175   -0.00405533   -0.00760735             0    0.00355202             0             0             0             0             0             0 
   176   -0.00457128     0.0163448             0    -0.0209161             0             0             0             0             0             0 
   177    0.00474845    0.00465452             0   9.39293e-05             0             0             0             0             0             0 
   178   -0.00785481   -0.00340778             0   -0.00444702             0             0             0             0             0             0 
   179    -0.0020522    -0.0139863             0     0.0119341             0             0             0             0             0             0 
   180    0.00358487    0.00331425             0   0.000270621             0             0             0             0             0             0 
   181    -0.0062888   -0.00319703             0   -0.00309177             0             0             0             0             0             0 
   182    0.00344685   -0.00558223             0    0.00902908             0             0             0             0             0             0 
   183  -4.01021e-06  -0.000188064             0   0.000184054             0             0             0             0             0             0 
   184   0.000644232    0.00109234             0  -0.000448113             0             0             0             0             0             0 
   185    0.00484108   -0.00104203             0    0.00588311             0             0             0             0             0             0 
   192   -0.00226768    -0.0017121             0  -0.000555588             0             0             0             0             0             0 
   193   -0.00883487      0.032943             0    -0.0417779             0             0             0             0             0             0 
   194   -0.00774225    0.00273017             0    -0.0104724             0             0             0             0             0             0 
   195    0.00348714    0.00324853             0   0.000238603             0             0             0             0             0             0 
   196    -0.0148889    -0.0229608             0    0.00807192             0             0             0             0             0             0 
   197    -0.0051923     0.0141205             0    -0.0193128             0             0             0             0             0             0 
   198    0.00241003     0.0022213             0   0.000188736             0             0             0             0             0             0 
   199    0.00568611    -0.0146277             0     0.0203138             0             0             0             0             0             0 
   200   -0.00502732    -0.0112594             0    0.00623203             0             0             0             0             0             0 
   201    0.00341127    0.00328033             0   0.000130943             0             0             0             0             0             0 
   202     0.0016179   -0.00368617             0    0.00530407             0             0             0             0             0             0 
   203   -0.00981596   0.000633845             0    -0.0104498             0             0             0             0             0             0 
   204    0.00430168    0.00408255             0   0.000219133             0             0             0             0             0             0 
   205   -0.00412666   -0.00342631             0   -0.00070035             0             0             0             0             0             0 
   206   -0.00239125   -0.00328103             0   0.000889781             0             0             0             0             0             0 
   213   0.000306395   0.000820493             0  -0.000514098             0             0             0             0             0             0 
   214   -0.00687143     0.0144397             0    -0.0213111             0             0             0             0             0             0 
   215    -0.0112732    0.00852455             0    -0.0197978             0             0             0             0             0             0 
   216   0.000470033   8.04029e-05             0    0.00038963             0             0             0             0             0             0 
   217   -0.00156266    -0.0135259             0     0.0119632             0             0             0             0             0             0 
   218    -0.0122359   -0.00354794             0   -0.00868794             0             0             0             0             0             0 
   219   -0.00306858   -0.00319723             0   0.000128648             0             0             0             0             0             0 
   220     0.0258302   -0.00280825             0     0.0286385             0             0             0             0             0             0 
   221   -0.00102649    -0.0339153             0     0.0328888             0             0             0             0             0             0 
   222   0.000763297   0.000786128             0  -2.28316e-05             0             0             0             0             0             0 
   223    0.00645246    0.00160625             0    0.00484621             0             0             0             0             0             0 
   224   -0.00493989      0.012888             0    -0.0178279             0             0             0             0             0             0 
   225    0.00389681    0.00366817             0   0.000228643             0             0             0             0             0             0 
   226   -0.00201309   -0.00421577             0    0.00220269             0             0             0             0             0             0 
   227   -0.00973216  -0.000972555             0   -0.00875961             0             0             0             0             0             0 
   234  -0.000547758  -0.000196092             0  -0.000351666             0             0             0             0             0             0 
   235  -0.000497069    0.00190862             0   -0.00240569             0             0             0             0             0             0 
   236   -0.00954723    0.00420865             0    -0.0137559             0             0             0             0             0             0 
   237   7.60872e-05  -0.000191196             0   0.000267283             0             0             0             0             0             0 
   238    0.00264536   -0.00197595             0    0.00462131             0             0             0             0             0             0 
   239    -0.0084685     -0.011188             0    0.00271949             0             0             0             0             0             0 
   240     0.0051934    0.00522909             0  -3.56847e-05             0             0             0             0             0             0 
   241    0.00747584  -0.000117042             0    0.00759288             0             0             0             0             0             0 
   242     0.0159912    -0.0287514             0     0.0447426             0             0             0             0             0             0 
   243  -0.000658141  -0.000786119             0   0.000127978             0             0             0             0             0             0 
   244    0.00031231    0.00673065             0   -0.00641834             0             0             0             0             0             0 
   245    0.00263633     0.0294949             0    -0.0268586             0             0             0             0             0             0 
   246   -0.00389471   -0.00419756             0   0.000302841             0             0             0             0             0             0 
   247    0.00403075    0.00102236             0    0.00300839             0             0             0             0             0             0 
   248   -0.00985546   -0.00391942             0   -0.00593605             0             0             0             0             0             0 
   255  -0.000919806   -0.00045774             0  -0.000462066             0             0             0             0             0             0 
   256   0.000731033    0.00496206             0   -0.00423102             0             0             0             0             0             0 
   257   -0.00483549    0.00273678             0   -0.00757227             0             0             0             0             0             0 
   258   0.000418518   0.000267434             0   0.000151084             0             0             0             0             0             0 
   259    0.00017337   -0.00573149             0    0.00590486             0             0             0             0             0             0 
   260   -0.00279779   -0.00896479             0    0.00616701             0             0             0             0             0             0 
   261    0.00478934    0.00480275             0  -1.34074e-05             0             0             0             0             0             0 
   262    0.00213394   -0.00454232             0    0.00667626             0             0             0             0             0             0 
   263     0.0129906   -0.00803999             0     0.0210305             0             0             0             0             0             0 
   264  -0.000838773   -0.00120544             0   0.000366665             0             0             0             0             0             0 
   265   -0.00217745    0.00831739             0    -0.0104948             0             0             0             0             0             0 
   266  -0.000740188     0.0279809             0    -0.0287211             0             0             0             0             0             0 
   267   -0.00432756   -0.00476568             0   0.000438123             0             0             0             0             0             0 
   268    0.00389162   0.000722147             0    0.00316948             0             0             0             0             0             0 
   269   -0.00650264    -0.0121992             0    0.00569657             0             0             0             0             0             0 
   318  -0.000512848   -0.00035421             0  -0.000158638             0             0             0             0             0             0 
   319   -0.00318229     0.0100883             0    -0.0132706             0             0             0             0             0             0 
   320    -0.0013659   -0.00197646             0   0.000610562             0             0             0             0             0             0 
   321    0.00116774    0.00114227             0   2.54671e-05             0             0             0             0             0             0 
   322   -0.00598862   -0.00533053             0  -0.000658091             0             0             0             0             0             0 
   323   -0.00119008    0.00354996             0   -0.00474004             0             0             0             0             0             0 
   324    0.00221563    0.00218378             0    3.1847e-05             0             0             0             0             0             0 
   325    -0.0046514   -0.00423062             0  -0.000420781             0             0             0             0             0             0 
   326    0.00168433   -0.00303812             0    0.00472245             0             0             0             0             0             0 
   327    0.00232468    0.00221348             0   0.000111199             0             0             0             0             0             0 
   328   -0.00582386   -0.00252523             0   -0.00329863             0             0             0             0             0             0 
   329    0.00791934   0.000994955             0    0.00692439             0             0             0             0             0             0 
   330    0.00110341   0.000994856             0    0.00010855             0             0             0             0             0             0 
   331   -0.00386033  -0.000842312             0   -0.00301802             0             0             0             0             0             0 
   332    0.00692702  -4.68012e-05             0    0.00697382             0             0             0             0             0             0 
   339   0.000664856    0.00109996             0  -0.000435109             0             0             0             0             0             0 
   340    -0.0132065     0.0301409             0    -0.0433474             0             0             0             0             0             0 
   341   -0.00237894    -0.0033637             0   0.000984764             0             0             0             0             0             0 
   342     0.0076657    0.00759783             0   6.78646e-05             0             0             0             0             0             0 
   343    -0.0247192    -0.0247249             0    5.7384e-06             0             0             0             0             0             0 
   344    0.00222266    0.00490497             0   -0.00268231             0             0             0             0             0             0 
   345    0.00271672    0.00251108             0   0.000205644             0             0             0             0             0             0 
   346    0.00198716    -0.0215412             0     0.0235283             0             0             0             0             0             0 
   347    0.00375516    0.00299459             0   0.000760565             0             0             0             0             0             0 
   348     0.0064714    0.00637451             0   9.68977e-05             0             0             0             0             0             0 
   349   -0.00788661   -0.00875225             0   0.000865647             0             0             0             0             0             0 
   350   0.000934444    0.00273977             0   -0.00180533             0             0             0             0             0             0 
   351     0.0104995     0.0102981             0    0.00020144             0             0             0             0             0             0 
   352    -0.0200384    -0.0124397             0   -0.00759866             0             0             0             0             0             0 
   353    0.00779702   -0.00418615             0     0.0119832             0             0             0             0             0             0 
   360    0.00213446    0.00251846             0  -0.000384002             0             0             0             0             0             0 
   361   -0.00925588      0.014365             0    -0.0236209             0             0             0             0             0             0 
   362   -0.00362644   -0.00150873             0   -0.00211771             0             0             0             0             0             0 
   363    0.00283075    0.00258773             0   0.000243021             0             0             0             0             0             0 
   364   -0.00616833    -0.0183275             0     0.0121591             0             0             0             0             0             0 
   365   0.000883111    0.00274106             0   -0.00185795             0             0             0             0             0             0 
   366   -0.00784578   -0.00804876             0   0.000202982             0             0             0             0             0             0 
   367     0.0283663   -0.00818149             0     0.0365478             0             0             0             0             0             0 
   368    0.00500493   -0.00193842             0    0.00694335             0             0             0             0             0             0 
   369    0.00257219    0.00254975             0   2.24421e-05             0             0             0             0             0             0 
   370     0.0014734   -0.00433826             0    0.00581166             0             0             0             0             0             0 
   371   -0.00310387    0.00849569             0    -0.0115996             0             0             0             0             0             0 
   372     0.0032416     0.0029398             0   0.000301809             0             0             0             0             0             0 
   373   -0.00152189    -0.0053537             0    0.00383181             0             0             0             0             0             0 
   374   -3.8303e-05   -0.00558043             0    0.00554213             0             0             0             0             0             0 
   381   0.000345578   0.000505522             0  -0.000159944             0             0             0             0             0             0 
   382  -0.000582974   0.000921873             0   -0.00150485             0             0             0             0             0             0 
   383   -0.00303902  -0.000844004             0   -0.00219501             0             0             0             0             0             0 
   384  -0.000683379  -0.000797062             0   0.000113683             0             0             0             0             0             0 
   385    0.00363388   -0.00133866             0    0.00497254             0             0             0             0             0             0 
   386   -0.00189254   -0.00215166             0    0.00025912             0             0             0             0             0             0 
   387  -0.000347703  -0.000339702             0  -8.00093e-06             0             0             0             0             0             0 
   388    0.00843114     0.0025437             0    0.00588744             0             0             0             0             0             0 
   389    0.00792265   -0.00563232             0      0.013555             0             0             0             0             0             0 
   390   -0.00262778   -0.00274388             0     0.0001161             0             0             0             0             0             0 
   391    0.00245686    0.00446541             0   -0.00200856             0             0             0             0             0             0 
   392  -0.000633962     0.0159998             0    -0.0166337             0             0             0             0             0             0 
   393    -0.0119424    -0.0122401             0   0.000297721             0             0             0             0             0             0 
   394     0.0191098    0.00995268             0    0.00915709             0             0             0             0             0             0 
   395   -0.00498793   -0.00981837             0    0.00483044             0             0             0             0             0             0 
   402  -0.000217883  -3.18449e-06             0  -0.000214699             0             0             0             0             0             0 
   403   0.000878773    0.00177845             0   -0.00089968             0             0             0             0             0             0 
   404   -0.00132444  -0.000362667             0  -0.000961773             0             0             0             0             0             0 
   405   0.000155769   0.000128621             0    2.7148e-05             0             0             0             0             0             0 
   406   0.000678693   -0.00229607             0    0.00297476             0             0             0             0             0             0 
   407  -0.000208636   -0.00298004             0     0.0027714             0             0             0             0             0             0 
   408    0.00162936    0.00161542             0   1.39389e-05             0             0             0             0             0             0 
   409    0.00193922  -3.56455e-05             0    0.00197487             0             0             0             0             0             0 
   410    0.00655836  -0.000513352             0    0.00707171             0             0             0             0             0             0 
   411   -0.00250068   -0.00274379             0   0.000243113             0             0             0             0             0             0 
   412    -0.0023875    0.00323776             0   -0.00562526             0             0             0             0             0             0 
   413   -0.00068193     0.0129831             0     -0.013665             0             0             0             0             0             0 
   414   -0.00524984   -0.00550791             0   0.000258077             0             0             0             0             0             0 
   415    0.00185626  -0.000102892             0    0.00195915             0             0             0             0             0             0 
   416  -0.000561398    -0.0119327             0     0.0113713             0             0             0             0             0             0 
