#varID         total       dxdbVol      dxdbSurf          dSdb          dndb    dxdbDirect          dVdb      distance       options          dvdb
   171   -0.00264652   -0.00225826             0  -0.000388258             0             0             0             0             0             0 
   172  -8.36092e-05     0.0125541             0    -0.0126377             0             0             0             0             0             0 
   173    -0.0144516     0.0214223             0    -0.0358739             0             0             0             0             0             0 
   174   0.000541738   0.000368535             0   0.000173203             0             0             0             0             0             0 
   175   -0.00266033   -0.00385097             0    0.00119064             0             0             0             0             0             0 
   176    -0.0121151   -0.00051511             0       -0.0116             0             0             0             0             0             0 
   177    0.00747916    0.00737596             0   0.000103194             0             0             0             0             0             0 
   178    -0.0111694   -0.00452705             0   -0.00664232             0             0             0             0             0             0 
   179   -0.00420948    -0.0304994             0     0.0262899             0             0             0             0             0             0 
   180     0.0063282    0.00593336             0   0.000394837             0             0             0             0             0             0 
   181    -0.0126235   0.000480122             0    -0.0131036             0             0             0             0             0             0 
   182    0.00580424    -0.0323203             0     0.0381245             0             0             0             0             0             0 
   183   0.000259808   3.63043e-05             0   0.000223504             0             0             0             0             0             0 
   184   -0.00334894    0.00163262             0   -0.00498156             0             0             0             0             0             0 
   185    0.00972129   -0.00835032             0     0.0180716             0             0             0             0             0             0 
   192   -0.00329278    -0.0026739             0  -0.000618875             0             0             0             0             0             0 
   193   -0.00724918     0.0434168             0     -0.050666             0             0             0             0             0             0 
   194    -0.0201227     0.0274704             0    -0.0475931             0             0             0             0             0             0 
   195     0.0024185    0.00215094             0   0.000267552             0             0             0             0             0             0 
   196   -0.00839527    -0.0199866             0     0.0115914             0             0             0             0             0             0 
   197    -0.0177037   -0.00338118             0    -0.0143226             0             0             0             0             0             0 
   198    0.00579578    0.00562759             0   0.000168188             0             0             0             0             0             0 
   199    0.00375678    -0.0249715             0     0.0287283             0             0             0             0             0             0 
   200    -0.0139404    -0.0250393             0     0.0110989             0             0             0             0             0             0 
   201     0.0125693      0.012214             0   0.000355252             0             0             0             0             0             0 
   202   -0.00634017   -0.00185099             0   -0.00448917             0             0             0             0             0             0 
   203    -0.0116208     -0.032958             0     0.0213372             0             0             0             0             0             0 
   204    0.00888267    0.00855419             0   0.000328477             0             0             0             0             0             0 
   205   -0.00974625   -0.00385828             0   -0.00588797             0             0             0             0             0             0 
   206     0.0058629    -0.0173147             0     0.0231776             0             0             0             0             0             0 
   213    -0.0017303   -0.00114941             0  -0.000580881             0             0             0             0             0             0 
   214   -0.00459647     0.0263789             0    -0.0309753             0             0             0             0             0             0 
   215     -0.029122     0.0392624             0    -0.0683844             0             0             0             0             0             0 
   216    0.00152465    0.00118482             0   0.000339828             0             0             0             0             0             0 
   217     0.0010918    -0.0204032             0      0.021495             0             0             0             0             0             0 
   218    -0.0261213    -0.0229044             0   -0.00321682             0             0             0             0             0             0 
   219   -0.00243393   -0.00245043             0   1.65042e-05             0             0             0             0             0             0 
   220      0.019612    -0.0179022             0     0.0375142             0             0             0             0             0             0 
   221    -0.0210272    -0.0521803             0     0.0311531             0             0             0             0             0             0 
   222    0.00948058    0.00931375             0   0.000166833             0             0             0             0             0             0 
   223     0.0034468   -0.00490605             0    0.00835285             0             0             0             0             0             0 
   224    -0.0198349    -0.0337384             0     0.0139035             0             0             0             0             0             0 
   225    0.00945672    0.00906138             0   0.000395341             0             0             0             0             0             0 
   226    0.00349535   -0.00130654             0    0.00480189             0             0             0             0             0             0 
   227    0.00106231    -0.0212628             0     0.0223251             0             0             0             0             0             0 
   234   -0.00200078   -0.00155343             0  -0.000447352             0             0             0             0             0             0 
   235   -0.00015135    0.00552507             0   -0.00567642             0             0             0             0             0             0 
   236    -0.0238914     0.0295084             0    -0.0533998             0             0             0             0             0             0 
   237   0.000659797   0.000527396             0   0.000132401             0             0             0             0             0             0 
   238    0.00175502   -0.00288695             0    0.00464197             0             0             0             0             0             0 
   239    -0.0218675    -0.0270372             0     0.0051697             0             0             0             0             0             0 
   240    0.00121041    0.00137179             0  -0.000161387             0             0             0             0             0             0 
   241    0.00107001   -0.00370285             0    0.00477286             0             0             0             0             0             0 
   242    -0.0154421    -0.0559065             0     0.0404643             0             0             0             0             0             0 
   243    0.00235788    0.00211983             0   0.000238049             0             0             0             0             0             0 
   244  -0.000170276   -0.00205323             0    0.00188295             0             0             0             0             0             0 
   245   -0.00939596    -0.0140069             0    0.00461091             0             0             0             0             0             0 
   246   -0.00112511   -0.00165695             0   0.000531838             0             0             0             0             0             0 
   247     0.0166115    0.00671199             0     0.0098995             0             0             0             0             0             0 
   248     0.0238535       -0.0026             0     0.0264535             0             0             0             0             0             0 
   255   -0.00159276   -0.00104277             0  -0.000549994             0             0             0             0             0             0 
   256  -0.000728453    0.00834369             0   -0.00907214             0             0             0             0             0             0 
   257     -0.013192      0.018892             0     -0.032084             0             0             0             0             0             0 
   258   0.000907388   0.000950297             0  -4.29091e-05             0             0             0             0             0             0 
   259   -0.00499533   -0.00393708             0   -0.00105826             0             0             0             0             0             0 
   260    -0.0140249    -0.0142485             0   0.000223671             0             0             0             0             0             0 
   261    0.00260323    0.00277796             0  -0.000174733             0             0             0             0             0             0 
   262    -0.0121556   -0.00872601             0   -0.00342956             0             0             0             0             0             0 
   263     -0.014319    -0.0301477             0     0.0158287             0             0             0             0             0             0 
   264    0.00230015    0.00179187             0   0.000508277             0             0             0             0             0             0 
   265   -0.00523409   -0.00647283             0    0.00123874             0             0             0             0             0             0 
   266    -0.0038033   -0.00293191             0   -0.00087139             0             0             0             0             0             0 
   267   -0.00083806   -0.00156298             0   0.000724924             0             0             0             0             0             0 
   268     0.0214003    0.00189345             0     0.0195069             0             0             0             0             0             0 
   269     0.0356211   -0.00230767             0     0.0379287             0             0             0             0             0             0 
   318  -0.000569076  -0.000400046             0  -0.000169031             0             0             0             0             0             0 
   319   -0.00364969     0.0135792             0    -0.0172289             0             0             0             0             0             0 
   320   -0.00272403    0.00260801             0   -0.00533205             0             0             0             0             0             0 
   321    0.00101934   0.000986029             0    3.3311e-05             0             0             0             0             0             0 
   322   -0.00584269   -0.00404283             0   -0.00179986             0             0             0             0             0             0 
   323   -0.00123952    0.00181244             0   -0.00305196             0             0             0             0             0             0 
   324    0.00320571    0.00317368             0   3.20329e-05             0             0             0             0             0             0 
   325   -0.00548533   -0.00500634             0   -0.00047899             0             0             0             0             0             0 
   326   0.000781277   -0.00590142             0     0.0066827             0             0             0             0             0             0 
   327    0.00423745    0.00409453             0   0.000142922             0             0             0             0             0             0 
   328    -0.0104892  -0.000970723             0    -0.0095185             0             0             0             0             0             0 
   329     0.0087609   -0.00977462             0     0.0185355             0             0             0             0             0             0 
   330    0.00187164    0.00175656             0   0.000115081             0             0             0             0             0             0 
   331   -0.00844257     -0.002087             0   -0.00635557             0             0             0             0             0             0 
   332     0.0121741   -0.00166205             0     0.0138361             0             0             0             0             0             0 
   339   0.000595314    0.00102026             0  -0.000424942             0             0             0             0             0             0 
   340    -0.0143209     0.0459471             0     -0.060268             0             0             0             0             0             0 
   341   -0.00458921    0.00312971             0   -0.00771891             0             0             0             0             0             0 
   342    0.00739868    0.00726936             0   0.000129317             0             0             0             0             0             0 
   343     -0.022464    -0.0257905             0    0.00332652             0             0             0             0             0             0 
   344    0.00509104    0.00655719             0   -0.00146615             0             0             0             0             0             0 
   345    0.00394836    0.00375607             0   0.000192289             0             0             0             0             0             0 
   346   1.83289e-05    -0.0348801             0     0.0348985             0             0             0             0             0             0 
   347    0.00481139     0.0053518             0  -0.000540418             0             0             0             0             0             0 
   348     0.0149243     0.0147233             0   0.000201049             0             0             0             0             0             0 
   349    -0.0162459    -0.0118912             0   -0.00435471             0             0             0             0             0             0 
   350    0.00367053    -0.0135462             0     0.0172167             0             0             0             0             0             0 
   351     0.0173743     0.0170876             0   0.000286621             0             0             0             0             0             0 
   352    -0.0291313    -0.0188541             0    -0.0102772             0             0             0             0             0             0 
   353      0.023857   -0.00732365             0     0.0311806             0             0             0             0             0             0 
   360    0.00244626    0.00279797             0  -0.000351708             0             0             0             0             0             0 
   361   -0.00766729     0.0293474             0    -0.0370147             0             0             0             0             0             0 
   362   -0.00842668    0.00694664             0    -0.0153733             0             0             0             0             0             0 
   363    0.00346299    0.00322706             0    0.00023593             0             0             0             0             0             0 
   364    -0.0039456    -0.0269412             0     0.0229956             0             0             0             0             0             0 
   365    0.00128719    0.00177771             0  -0.000490522             0             0             0             0             0             0 
   366   -0.00762978   -0.00773166             0   0.000101879             0             0             0             0             0             0 
   367     0.0204341    -0.0286146             0     0.0490487             0             0             0             0             0             0 
   368    0.00234681   -0.00112848             0    0.00347529             0             0             0             0             0             0 
   369    0.00982948     0.0097254             0   0.000104073             0             0             0             0             0             0 
   370  -0.000377019    -0.0101893             0    0.00981229             0             0             0             0             0             0 
   371   -0.00798793    -0.0186776             0     0.0106897             0             0             0             0             0             0 
   372    0.00267717     0.0022831             0   0.000394078             0             0             0             0             0             0 
   373    0.00877731    0.00246612             0    0.00631118             0             0             0             0             0             0 
   374     0.0203204    -0.0132357             0     0.0335561             0             0             0             0             0             0 
   381   0.000141595    0.00029954             0  -0.000157945             0             0             0             0             0             0 
   382   6.74001e-06    0.00314196             0   -0.00313522             0             0             0             0             0             0 
   383   -0.00678022    0.00716388             0    -0.0139441             0             0             0             0             0             0 
   384  -0.000912495  -0.000977072             0   6.45771e-05             0             0             0             0             0             0 
   385    0.00416965   -0.00272644             0    0.00689609             0             0             0             0             0             0 
   386   -0.00538868   -0.00596759             0   0.000578917             0             0             0             0             0             0 
   387   -0.00218623   -0.00210154             0   -8.4691e-05             0             0             0             0             0             0 
   388    0.00523808  -0.000978384             0    0.00621646             0             0             0             0             0             0 
   389   -0.00647501    -0.0156753             0    0.00920031             0             0             0             0             0             0 
   390  -0.000689889   -0.00082346             0   0.000133571             0             0             0             0             0             0 
   391    0.00557814    0.00261765             0    0.00296049             0             0             0             0             0             0 
   392   -0.00349986   -0.00585387             0    0.00235401             0             0             0             0             0             0 
   393    -0.0156395    -0.0160518             0   0.000412317             0             0             0             0             0             0 
   394     0.0358053     0.0237427             0     0.0120626             0             0             0             0             0             0 
   395     0.0329327    0.00408842             0     0.0288443             0             0             0             0             0             0 
   402  -0.000318508  -0.000109828             0  -0.000208681             0             0             0             0             0             0 
   403   0.000956739    0.00214509             0   -0.00118835             0             0             0             0             0             0 
   404   -0.00364857    0.00413049             0   -0.00777906             0             0             0             0             0             0 
   405   0.000209932   0.000228571             0  -1.86387e-05             0             0             0             0             0             0 
   406   3.81237e-05  -0.000825105             0   0.000863228             0             0             0             0             0             0 
   407   -0.00367402   -0.00475405             0    0.00108003             0             0             0             0             0             0 
   408   0.000491384   0.000554094             0  -6.27107e-05             0             0             0             0             0             0 
   409   -0.00296064   -0.00130661             0   -0.00165402             0             0             0             0             0             0 
   410    -0.0059257   -0.00945646             0    0.00353076             0             0             0             0             0             0 
   411    0.00047351   0.000211012             0   0.000262498             0             0             0             0             0             0 
   412   -0.00160675   -0.00118971             0  -0.000417033             0             0             0             0             0             0 
   413    0.00190176   0.000858308             0    0.00104345             0             0             0             0             0             0 
   414   -0.00100447   -0.00139882             0   0.000394347             0             0             0             0             0             0 
   415     0.0120381    0.00290246             0    0.00913567             0             0             0             0             0             0 
   416     0.0349095    0.00427628             0     0.0306332             0             0             0             0             0             0 
