#varID         total       dxdbVol      dxdbSurf          dSdb          dndb    dxdbDirect          dVdb      distance       options          dvdb
   171   -0.00205669   -0.00171566             0  -0.000341026             0             0             0             0             0             0 
   172   -0.00196714     0.0121276             0    -0.0140947             0             0             0             0             0             0 
   173   -0.00721203     0.0103299             0    -0.0175419             0             0             0             0             0             0 
   174   0.000734686    0.00055955             0   0.000175136             0             0             0             0             0             0 
   175   -0.00407319   -0.00650508             0    0.00243189             0             0             0             0             0             0 
   176   -0.00641861     0.0114201             0    -0.0178388             0             0             0             0             0             0 
   177    0.00626684    0.00616848             0   9.83565e-05             0             0             0             0             0             0 
   178   -0.00991854   -0.00527577             0   -0.00464277             0             0             0             0             0             0 
   179   -0.00132513    -0.0172976             0     0.0159725             0             0             0             0             0             0 
   180    0.00439206    0.00406842             0    0.00032364             0             0             0             0             0             0 
   181   -0.00835256   -0.00182331             0   -0.00652925             0             0             0             0             0             0 
   182    0.00220156    -0.0175383             0     0.0197398             0             0             0             0             0             0 
   183  -0.000377606  -0.000582247             0   0.000204641             0             0             0             0             0             0 
   184   0.000490602    0.00265234             0   -0.00216173             0             0             0             0             0             0 
   185    0.00496584   -0.00590312             0      0.010869             0             0             0             0             0             0 
   192   -0.00184917   -0.00127191             0  -0.000577258             0             0             0             0             0             0 
   193    -0.0103826     0.0401322             0    -0.0505147             0             0             0             0             0             0 
   194     -0.011646     0.0118792             0    -0.0235252             0             0             0             0             0             0 
   195     0.0038214    0.00355924             0    0.00026216             0             0             0             0             0             0 
   196    -0.0132055    -0.0237454             0     0.0105399             0             0             0             0             0             0 
   197   -0.00975593    0.00879346             0    -0.0185494             0             0             0             0             0             0 
   198    0.00343992    0.00327148             0   0.000168445             0             0             0             0             0             0 
   199    0.00492251    -0.0232836             0     0.0282061             0             0             0             0             0             0 
   200   -0.00721546    -0.0125625             0    0.00534704             0             0             0             0             0             0 
   201    0.00543667    0.00522368             0    0.00021299             0             0             0             0             0             0 
   202   0.000150719   -0.00274016             0    0.00289088             0             0             0             0             0             0 
   203    -0.0122703    -0.0120843             0  -0.000186023             0             0             0             0             0             0 
   204    0.00542987    0.00515339             0   0.000276477             0             0             0             0             0             0 
   205   -0.00401316   -0.00152453             0   -0.00248863             0             0             0             0             0             0 
   206  -0.000915452    -0.0105734             0     0.0096579             0             0             0             0             0             0 
   213   0.000114796   0.000640898             0  -0.000526102             0             0             0             0             0             0 
   214   -0.00632241     0.0222924             0    -0.0286148             0             0             0             0             0             0 
   215    -0.0189537     0.0199547             0    -0.0389084             0             0             0             0             0             0 
   216    0.00179325    0.00141942             0   0.000373835             0             0             0             0             0             0 
   217   -0.00039731    -0.0189046             0     0.0185073             0             0             0             0             0             0 
   218    -0.0166244    -0.0113285             0   -0.00529597             0             0             0             0             0             0 
   219   -0.00489891   -0.00496492             0   6.60079e-05             0             0             0             0             0             0 
   220     0.0243562     -0.011664             0     0.0360202             0             0             0             0             0             0 
   221   -0.00758594    -0.0400327             0     0.0324468             0             0             0             0             0             0 
   222    0.00238396    0.00236033             0   2.36316e-05             0             0             0             0             0             0 
   223    0.00603579   -0.00102898             0    0.00706477             0             0             0             0             0             0 
   224    -0.0111137   -0.00216821             0   -0.00894546             0             0             0             0             0             0 
   225    0.00614414    0.00585135             0   0.000292788             0             0             0             0             0             0 
   226   0.000724933   -0.00239994             0    0.00312487             0             0             0             0             0             0 
   227   -0.00704894   -0.00855733             0    0.00150838             0             0             0             0             0             0 
   234  -0.000810745  -0.000430094             0  -0.000380651             0             0             0             0             0             0 
   235  -0.000383522    0.00366428             0    -0.0040478             0             0             0             0             0             0 
   236    -0.0152626     0.0142423             0     -0.029505             0             0             0             0             0             0 
   237   0.000271454   5.69108e-05             0   0.000214543             0             0             0             0             0             0 
   238    0.00250289   -0.00334125             0    0.00584414             0             0             0             0             0             0 
   239    -0.0124357     -0.019602             0    0.00716627             0             0             0             0             0             0 
   240    0.00156019    0.00164094             0  -8.07583e-05             0             0             0             0             0             0 
   241     0.0050513   -0.00186769             0    0.00691899             0             0             0             0             0             0 
   242    0.00290258    -0.0426889             0     0.0455915             0             0             0             0             0             0 
   243   0.000228336   7.19092e-05             0   0.000156426             0             0             0             0             0             0 
   244  -0.000292554    0.00330509             0   -0.00359765             0             0             0             0             0             0 
   245   0.000411234     0.0188932             0     -0.018482             0             0             0             0             0             0 
   246   -0.00221467   -0.00259953             0   0.000384868             0             0             0             0             0             0 
   247    0.00883716    0.00295745             0    0.00587971             0             0             0             0             0             0 
   248    0.00262149   -0.00156081             0     0.0041823             0             0             0             0             0             0 
   255   -0.00111382  -0.000624097             0  -0.000489724             0             0             0             0             0             0 
   256   0.000394553    0.00638446             0    -0.0059899             0             0             0             0             0             0 
   257   -0.00796239    0.00890834             0    -0.0168707             0             0             0             0             0             0 
   258   0.000431972   0.000356607             0   7.53651e-05             0             0             0             0             0             0 
   259   -0.00114673   -0.00552504             0     0.0043783             0             0             0             0             0             0 
   260    -0.0062038    -0.0127941             0    0.00659026             0             0             0             0             0             0 
   261    0.00284035    0.00291939             0  -7.90445e-05             0             0             0             0             0             0 
   262   -0.00318243   -0.00551045             0    0.00232802             0             0             0             0             0             0 
   263    0.00246596    -0.0184917             0     0.0209577             0             0             0             0             0             0 
   264   0.000350932  -6.60689e-05             0   0.000417001             0             0             0             0             0             0 
   265   -0.00604302    0.00216776             0   -0.00821078             0             0             0             0             0             0 
   266   5.99822e-05     0.0215192             0    -0.0214593             0             0             0             0             0             0 
   267    -0.0023596   -0.00291671             0   0.000557111             0             0             0             0             0             0 
   268    0.00948553  -0.000374925             0    0.00986046             0             0             0             0             0             0 
   269    0.00903688   -0.00760372             0     0.0166406             0             0             0             0             0             0 
   318  -0.000371319  -0.000205667             0  -0.000165652             0             0             0             0             0             0 
   319   -0.00436897     0.0120356             0    -0.0164046             0             0             0             0             0             0 
   320   -0.00163913   -0.00047161             0   -0.00116752             0             0             0             0             0             0 
   321     0.0014826    0.00145166             0   3.09359e-05             0             0             0             0             0             0 
   322   -0.00713288   -0.00561432             0   -0.00151856             0             0             0             0             0             0 
   323  -0.000908013    0.00320131             0   -0.00410933             0             0             0             0             0             0 
   324    0.00285496    0.00282089             0   3.40766e-05             0             0             0             0             0             0 
   325   -0.00536593   -0.00542585             0   5.99227e-05             0             0             0             0             0             0 
   326    0.00189351   -0.00343265             0    0.00532616             0             0             0             0             0             0 
   327    0.00289869    0.00277256             0   0.000126125             0             0             0             0             0             0 
   328   -0.00688876   -0.00139248             0   -0.00549628             0             0             0             0             0             0 
   329    0.00707683    -0.0044958             0     0.0115726             0             0             0             0             0             0 
   330    0.00122684    0.00111174             0   0.000115101             0             0             0             0             0             0 
   331   -0.00449424  -0.000234088             0   -0.00426016             0             0             0             0             0             0 
   332    0.00798355   -0.00192518             0    0.00990873             0             0             0             0             0             0 
   339     0.0012313     0.0016656             0  -0.000434302             0             0             0             0             0             0 
   340    -0.0165119     0.0391321             0     -0.055644             0             0             0             0             0             0 
   341   -0.00339344   -0.00163469             0   -0.00175876             0             0             0             0             0             0 
   342    0.00947879    0.00937307             0   0.000105727             0             0             0             0             0             0 
   343    -0.0272114    -0.0288485             0    0.00163714             0             0             0             0             0             0 
   344    0.00431585    0.00638664             0   -0.00207079             0             0             0             0             0             0 
   345    0.00314376    0.00294486             0   0.000198906             0             0             0             0             0             0 
   346    0.00170782    -0.0306689             0     0.0323767             0             0             0             0             0             0 
   347    0.00623238    0.00650693             0  -0.000274549             0             0             0             0             0             0 
   348    0.00853264    0.00839223             0   0.000140412             0             0             0             0             0             0 
   349   -0.00873002   -0.00899145             0   0.000261428             0             0             0             0             0             0 
   350   0.000881397   -0.00443056             0    0.00531196             0             0             0             0             0             0 
   351     0.0129025     0.0126485             0    0.00025402             0             0             0             0             0             0 
   352    -0.0207528    -0.0128433             0    -0.0079095             0             0             0             0             0             0 
   353     0.0121888   -0.00761774             0     0.0198065             0             0             0             0             0             0 
   360    0.00282266    0.00318797             0  -0.000365309             0             0             0             0             0             0 
   361   -0.00954848     0.0231079             0    -0.0326564             0             0             0             0             0             0 
   362   -0.00598577    0.00125602             0   -0.00724179             0             0             0             0             0             0 
   363    0.00413071    0.00388781             0   0.000242909             0             0             0             0             0             0 
   364   -0.00592567    -0.0248635             0     0.0189378             0             0             0             0             0             0 
   365    0.00245858    0.00306119             0  -0.000602611             0             0             0             0             0             0 
   366    -0.0101178    -0.0102641             0   0.000146282             0             0             0             0             0             0 
   367     0.0274348    -0.0182076             0     0.0456424             0             0             0             0             0             0 
   368    0.00661989   0.000465114             0    0.00615477             0             0             0             0             0             0 
   369    0.00433954    0.00429527             0   4.42656e-05             0             0             0             0             0             0 
   370    0.00192844   -0.00620859             0    0.00813703             0             0             0             0             0             0 
   371   -0.00543362   -0.00110586             0   -0.00432776             0             0             0             0             0             0 
   372    0.00455025    0.00420285             0   0.000347404             0             0             0             0             0             0 
   373    0.00341215  -0.000598432             0    0.00401058             0             0             0             0             0             0 
   374    0.00416205    -0.0108727             0     0.0150348             0             0             0             0             0             0 
   381   0.000404869   0.000560637             0  -0.000155768             0             0             0             0             0             0 
   382  -0.000311841     0.0021652             0   -0.00247705             0             0             0             0             0             0 
   383   -0.00455845    0.00247471             0   -0.00703315             0             0             0             0             0             0 
   384  -0.000928983    -0.0010191             0   9.01194e-05             0             0             0             0             0             0 
   385    0.00414508   -0.00241068             0    0.00655576             0             0             0             0             0             0 
   386   -0.00282852   -0.00424528             0    0.00141676             0             0             0             0             0             0 
   387   -0.00231522   -0.00227581             0  -3.94121e-05             0             0             0             0             0             0 
   388    0.00755582    0.00112947             0    0.00642636             0             0             0             0             0             0 
   389    0.00197227    -0.0107635             0     0.0127357             0             0             0             0             0             0 
   390   -0.00200186   -0.00212233             0   0.000120474             0             0             0             0             0             0 
   391    0.00352818    0.00373793             0  -0.000209751             0             0             0             0             0             0 
   392  -0.000377618     0.0107878             0    -0.0111654             0             0             0             0             0             0 
   393    -0.0130309    -0.0133686             0   0.000337668             0             0             0             0             0             0 
   394     0.0264112     0.0163109             0     0.0101003             0             0             0             0             0             0 
   395    0.00767107   -0.00511443             0     0.0127855             0             0             0             0             0             0 
   402  -0.000233044  -2.31023e-05             0  -0.000209941             0             0             0             0             0             0 
   403    0.00113301    0.00209032             0  -0.000957311             0             0             0             0             0             0 
   404   -0.00211978    0.00155396             0   -0.00367373             0             0             0             0             0             0 
   405   9.00261e-05   8.48371e-05             0   5.18901e-06             0             0             0             0             0             0 
   406    0.00073686    -0.0018558             0    0.00259266             0             0             0             0             0             0 
   407    -0.0012466    -0.0041615             0     0.0029149             0             0             0             0             0             0 
   408    0.00071617   0.000734121             0  -1.79506e-05             0             0             0             0             0             0 
   409     9.331e-05  -0.000437502             0   0.000530812             0             0             0             0             0             0 
   410    0.00164417   -0.00454284             0    0.00618702             0             0             0             0             0             0 
   411   -0.00151824   -0.00177394             0   0.000255705             0             0             0             0             0             0 
   412   -0.00338056   0.000760644             0    -0.0041412             0             0             0             0             0             0 
   413    0.00177458     0.0110659             0   -0.00929134             0             0             0             0             0             0 
   414   -0.00319008   -0.00350498             0   0.000314903             0             0             0             0             0             0 
   415    0.00521621   0.000282877             0    0.00493333             0             0             0             0             0             0 
   416     0.0124924   -0.00616318             0     0.0186556             0             0             0             0             0             0 
