#varID         total       dxdbVol      dxdbSurf          dSdb          dndb    dxdbDirect          dVdb      distance       options          dvdb
   171   -0.00224576   -0.00188497             0  -0.000360786             0             0             0             0             0             0 
   172   -0.00132929     0.0124753             0    -0.0138046             0             0             0             0             0             0 
   173   -0.00997088     0.0149511             0     -0.024922             0             0             0             0             0             0 
   174   0.000729732   0.000555298             0   0.000174434             0             0             0             0             0             0 
   175   -0.00363462   -0.00547577             0    0.00184115             0             0             0             0             0             0 
   176   -0.00847545    0.00666229             0    -0.0151377             0             0             0             0             0             0 
   177    0.00725156    0.00715146             0   0.000100103             0             0             0             0             0             0 
   178    -0.0109887   -0.00555006             0    -0.0054386             0             0             0             0             0             0 
   179   -0.00198653    -0.0220479             0     0.0200614             0             0             0             0             0             0 
   180    0.00510858    0.00475242             0   0.000356159             0             0             0             0             0             0 
   181    -0.0102766   -0.00100559             0   -0.00927098             0             0             0             0             0             0 
   182    0.00307976    -0.0244469             0     0.0275267             0             0             0             0             0             0 
   183  -0.000429341  -0.000643274             0   0.000213933             0             0             0             0             0             0 
   184  -0.000702299    0.00250227             0   -0.00320456             0             0             0             0             0             0 
   185    0.00646948   -0.00746653             0      0.013936             0             0             0             0             0             0 
   192    -0.0023514   -0.00175894             0   -0.00059246             0             0             0             0             0             0 
   193   -0.00950319     0.0423517             0    -0.0518549             0             0             0             0             0             0 
   194     -0.015236     0.0183151             0     -0.033551             0             0             0             0             0             0 
   195    0.00348961    0.00322099             0   0.000268613             0             0             0             0             0             0 
   196    -0.0115727    -0.0229151             0     0.0113424             0             0             0             0             0             0 
   197    -0.0128992    0.00391439             0    -0.0168136             0             0             0             0             0             0 
   198    0.00447363    0.00430987             0   0.000163758             0             0             0             0             0             0 
   199    0.00450006    -0.0250452             0     0.0295453             0             0             0             0             0             0 
   200   -0.00963592     -0.016766             0    0.00713008             0             0             0             0             0             0 
   201    0.00796024    0.00768746             0   0.000272776             0             0             0             0             0             0 
   202   -0.00211916   -0.00215277             0    3.3608e-05             0             0             0             0             0             0 
   203    -0.0125928    -0.0212026             0     0.0086098             0             0             0             0             0             0 
   204    0.00658826    0.00628631             0   0.000301946             0             0             0             0             0             0 
   205    -0.0057931    -0.0020378             0    -0.0037553             0             0             0             0             0             0 
   206    0.00154548    -0.0138011             0     0.0153466             0             0             0             0             0             0 
   213  -0.000451744   9.29232e-05             0  -0.000544667             0             0             0             0             0             0 
   214    -0.0059387     0.0245938             0    -0.0305325             0             0             0             0             0             0 
   215    -0.0235348     0.0281763             0    -0.0517111             0             0             0             0             0             0 
   216     0.0018783    0.00151794             0   0.000360354             0             0             0             0             0             0 
   217   0.000302029    -0.0202519             0     0.0205539             0             0             0             0             0             0 
   218    -0.0204551    -0.0165966             0   -0.00385845             0             0             0             0             0             0 
   219   -0.00465249    -0.0046882             0   3.57088e-05             0             0             0             0             0             0 
   220     0.0231918    -0.0145153             0      0.037707             0             0             0             0             0             0 
   221    -0.0131109    -0.0449977             0     0.0318868             0             0             0             0             0             0 
   222    0.00466098    0.00458663             0   7.43492e-05             0             0             0             0             0             0 
   223    0.00543321   -0.00243841             0    0.00787162             0             0             0             0             0             0 
   224    -0.0150104    -0.0147916             0  -0.000218781             0             0             0             0             0             0 
   225    0.00757134    0.00723248             0   0.000338857             0             0             0             0             0             0 
   226      0.001995   -0.00186239             0    0.00385739             0             0             0             0             0             0 
   227   -0.00400894    -0.0138903             0    0.00988138             0             0             0             0             0             0 
   234   -0.00120568  -0.000799093             0  -0.000406582             0             0             0             0             0             0 
   235  -0.000311869    0.00454129             0   -0.00485316             0             0             0             0             0             0 
   236    -0.0190101     0.0209586             0    -0.0399687             0             0             0             0             0             0 
   237   0.000403963   0.000225502             0   0.000178462             0             0             0             0             0             0 
   238    0.00236069    -0.0032612             0    0.00562189             0             0             0             0             0             0 
   239    -0.0161223    -0.0234715             0    0.00734917             0             0             0             0             0             0 
   240   0.000625005   0.000742416             0  -0.000117411             0             0             0             0             0             0 
   241     0.0035526   -0.00263275             0    0.00618535             0             0             0             0             0             0 
   242   -0.00494424    -0.0491146             0     0.0441703             0             0             0             0             0             0 
   243   0.000450767   0.000267375             0   0.000183392             0             0             0             0             0             0 
   244  -0.000240874   0.000964994             0   -0.00120587             0             0             0             0             0             0 
   245   -0.00296703    0.00668303             0   -0.00965006             0             0             0             0             0             0 
   246   -0.00137993   -0.00183124             0   0.000451312             0             0             0             0             0             0 
   247      0.011937    0.00426761             0    0.00766938             0             0             0             0             0             0 
   248     0.0117193   -0.00119961             0     0.0129189             0             0             0             0             0             0 
   255   -0.00127275  -0.000759426             0  -0.000513322             0             0             0             0             0             0 
   256   9.66057e-06    0.00728062             0   -0.00727096             0             0             0             0             0             0 
   257    -0.0101241      0.013292             0    -0.0234161             0             0             0             0             0             0 
   258   0.000608112   0.000584609             0   2.35034e-05             0             0             0             0             0             0 
   259   -0.00254325   -0.00483355             0     0.0022903             0             0             0             0             0             0 
   260    -0.0091011    -0.0137811             0    0.00468001             0             0             0             0             0             0 
   261    0.00229438    0.00241269             0  -0.000118309             0             0             0             0             0             0 
   262    -0.0065393   -0.00649429             0   -4.5008e-05             0             0             0             0             0             0 
   263   -0.00403418    -0.0237565             0     0.0197223             0             0             0             0             0             0 
   264    0.00100264   0.000547696             0   0.000454941             0             0             0             0             0             0 
   265   -0.00603234   -0.00144009             0   -0.00459225             0             0             0             0             0             0 
   266  -0.000572623     0.0126233             0    -0.0131959             0             0             0             0             0             0 
   267   -0.00108725   -0.00171705             0   0.000629807             0             0             0             0             0             0 
   268     0.0137123   2.24107e-05             0     0.0136899             0             0             0             0             0             0 
   269     0.0194542   -0.00521855             0     0.0246728             0             0             0             0             0             0 
   318  -0.000440239  -0.000272968             0  -0.000167271             0             0             0             0             0             0 
   319   -0.00425461     0.0129009             0    -0.0171555             0             0             0             0             0             0 
   320   -0.00203371   0.000777167             0   -0.00281087             0             0             0             0             0             0 
   321    0.00134196    0.00130868             0   3.32789e-05             0             0             0             0             0             0 
   322   -0.00680554   -0.00510919             0   -0.00169636             0             0             0             0             0             0 
   323  -0.000912823    0.00269963             0   -0.00361245             0             0             0             0             0             0 
   324    0.00311916    0.00308552             0    3.3643e-05             0             0             0             0             0             0 
   325   -0.00561641   -0.00553031             0  -8.61065e-05             0             0             0             0             0             0 
   326    0.00171072   -0.00422304             0    0.00593376             0             0             0             0             0             0 
   327    0.00327003    0.00313606             0   0.000133976             0             0             0             0             0             0 
   328   -0.00833424   -0.00118112             0   -0.00715313             0             0             0             0             0             0 
   329    0.00768979    -0.0069756             0     0.0146654             0             0             0             0             0             0 
   330    0.00131449    0.00119873             0   0.000115757             0             0             0             0             0             0 
   331   -0.00582001  -0.000787714             0    -0.0050323             0             0             0             0             0             0 
   332    0.00958564   -0.00201062             0     0.0115963             0             0             0             0             0             0 
   339    0.00105176    0.00148078             0  -0.000429025             0             0             0             0             0             0 
   340    -0.0162234     0.0428965             0    -0.0591199             0             0             0             0             0             0 
   341   -0.00392654   0.000230608             0   -0.00415715             0             0             0             0             0             0 
   342    0.00893235    0.00881049             0   0.000121869             0             0             0             0             0             0 
   343    -0.0258265    -0.0283891             0    0.00256262             0             0             0             0             0             0 
   344    0.00498409    0.00667667             0   -0.00169258             0             0             0             0             0             0 
   345    0.00347923    0.00328536             0    0.00019387             0             0             0             0             0             0 
   346     0.0010483    -0.0333865             0     0.0344348             0             0             0             0             0             0 
   347    0.00621031    0.00663821             0  -0.000427906             0             0             0             0             0             0 
   348     0.0108513     0.0106844             0    0.00016694             0             0             0             0             0             0 
   349    -0.0113989    -0.0100019             0   -0.00139702             0             0             0             0             0             0 
   350    0.00189811   -0.00850706             0     0.0104052             0             0             0             0             0             0 
   351     0.0146813     0.0144081             0   0.000273132             0             0             0             0             0             0 
   352    -0.0233984    -0.0147725             0   -0.00862591             0             0             0             0             0             0 
   353     0.0165616   -0.00803512             0     0.0245967             0             0             0             0             0             0 
   360    0.00284804    0.00320445             0  -0.000356415             0             0             0             0             0             0 
   361   -0.00917657     0.0263908             0    -0.0355674             0             0             0             0             0             0 
   362   -0.00713662     0.0036038             0    -0.0107404             0             0             0             0             0             0 
   363    0.00406601    0.00382515             0   0.000240859             0             0             0             0             0             0 
   364   -0.00506645    -0.0264576             0     0.0213911             0             0             0             0             0             0 
   365    0.00224654    0.00254893             0  -0.000302396             0             0             0             0             0             0 
   366   -0.00963328   -0.00975215             0   0.000118877             0             0             0             0             0             0 
   367     0.0251244    -0.0230579             0     0.0481823             0             0             0             0             0             0 
   368    0.00525811   8.99009e-05             0    0.00516821             0             0             0             0             0             0 
   369    0.00622434    0.00615835             0   6.59945e-05             0             0             0             0             0             0 
   370    0.00140101   -0.00766248             0    0.00906349             0             0             0             0             0             0 
   371   -0.00669047   -0.00841385             0    0.00172337             0             0             0             0             0             0 
   372    0.00418995    0.00381732             0   0.000372632             0             0             0             0             0             0 
   373    0.00598664    0.00108262             0    0.00490402             0             0             0             0             0             0 
   374    0.00991262    -0.0126749             0     0.0225876             0             0             0             0             0             0 
   381   0.000344592   0.000499957             0  -0.000155365             0             0             0             0             0             0 
   382  -0.000207565    0.00264636             0   -0.00285392             0             0             0             0             0             0 
   383   -0.00552428    0.00457716             0    -0.0101014             0             0             0             0             0             0 
   384  -0.000993533   -0.00107126             0   7.77288e-05             0             0             0             0             0             0 
   385    0.00434696   -0.00257348             0    0.00692044             0             0             0             0             0             0 
   386   -0.00382426   -0.00517581             0    0.00135155             0             0             0             0             0             0 
   387   -0.00271011   -0.00264875             0  -6.13543e-05             0             0             0             0             0             0 
   388    0.00678435   0.000292129             0    0.00649222             0             0             0             0             0             0 
   389   -0.00169707    -0.0132173             0     0.0115202             0             0             0             0             0             0 
   390   -0.00177057   -0.00189436             0   0.000123791             0             0             0             0             0             0 
   391    0.00435446    0.00318317             0     0.0011713             0             0             0             0             0             0 
   392   -0.00136363    0.00448704             0   -0.00585067             0             0             0             0             0             0 
   393    -0.0135321    -0.0139059             0   0.000373833             0             0             0             0             0             0 
   394     0.0301022     0.0192143             0     0.0108879             0             0             0             0             0             0 
   395     0.0179238   -0.00132942             0     0.0192532             0             0             0             0             0             0 
   402  -0.000254353  -4.61271e-05             0  -0.000208226             0             0             0             0             0             0 
   403    0.00108633    0.00211199             0   -0.00102566             0             0             0             0             0             0 
   404   -0.00274824    0.00272068             0   -0.00546892             0             0             0             0             0             0 
   405   0.000124223   0.000130386             0  -6.16281e-06             0             0             0             0             0             0 
   406     0.0005191   -0.00140864             0    0.00192774             0             0             0             0             0             0 
   407   -0.00217251     -0.004513             0    0.00234049             0             0             0             0             0             0 
   408   0.000429961   0.000467851             0  -3.78892e-05             0             0             0             0             0             0 
   409   -0.00106276  -0.000699489             0  -0.000363275             0             0             0             0             0             0 
   410   -0.00145715   -0.00680045             0     0.0053433             0             0             0             0             0             0 
   411  -0.000665928  -0.000924606             0   0.000258678             0             0             0             0             0             0 
   412   -0.00291111  -0.000267635             0   -0.00264347             0             0             0             0             0             0 
   413    0.00205701    0.00720819             0   -0.00515119             0             0             0             0             0             0 
   414   -0.00155513    -0.0019051             0   0.000349978             0             0             0             0             0             0 
   415    0.00758541   0.000994871             0    0.00659054             0             0             0             0             0             0 
   416     0.0211598   -0.00198741             0     0.0231472             0             0             0             0             0             0 
