#varID         total       dxdbVol      dxdbSurf          dSdb          dndb    dxdbDirect          dVdb      distance       options          dvdb
   171   -0.00294555   -0.00249013             0  -0.000455415             0             0             0             0             0             0 
   172    0.00264815     0.0125689             0   -0.00992075             0             0             0             0             0             0 
   173    -0.0239119     0.0395635             0    -0.0634754             0             0             0             0             0             0 
   174   0.000483232   0.000312826             0   0.000170406             0             0             0             0             0             0 
   175   -0.00104482   -0.00129211             0    0.00024729             0             0             0             0             0             0 
   176    -0.0185355    -0.0135557             0    -0.0049798             0             0             0             0             0             0 
   177    0.00716427    0.00704801             0   0.000116261             0             0             0             0             0             0 
   178    -0.0115555   -0.00197677             0   -0.00957869             0             0             0             0             0             0 
   179   -0.00532394    -0.0472853             0     0.0419614             0             0             0             0             0             0 
   180    0.00859154    0.00812456             0   0.000466987             0             0             0             0             0             0 
   181    -0.0174206    0.00466473             0    -0.0220854             0             0             0             0             0             0 
   182    0.00523093    -0.0556542             0     0.0608852             0             0             0             0             0             0 
   183    0.00195725    0.00172871             0    0.00022854             0             0             0             0             0             0 
   184   -0.00949261  -0.000261108             0    -0.0092315             0             0             0             0             0             0 
   185     0.0102313     -0.016054             0     0.0262853             0             0             0             0             0             0 
   192   -0.00469867   -0.00401153             0  -0.000687145             0             0             0             0             0             0 
   193   -0.00211117     0.0427483             0    -0.0448595             0             0             0             0             0             0 
   194     -0.026033     0.0547464             0    -0.0807794             0             0             0             0             0             0 
   195   0.000618149   0.000368376             0   0.000249774             0             0             0             0             0             0 
   196   -0.00213414    -0.0136587             0     0.0115246             0             0             0             0             0             0 
   197    -0.0253039      -0.01468             0    -0.0106239             0             0             0             0             0             0 
   198     0.0103621     0.0101432             0   0.000218906             0             0             0             0             0             0 
   199    0.00086211    -0.0220668             0     0.0229289             0             0             0             0             0             0 
   200    -0.0219535     -0.045786             0     0.0238326             0             0             0             0             0             0 
   201     0.0233854     0.0228193             0   0.000566086             0             0             0             0             0             0 
   202    -0.0157279  -0.000271292             0    -0.0154567             0             0             0             0             0             0 
   203    -0.0100869    -0.0629959             0      0.052909             0             0             0             0             0             0 
   204     0.0138038     0.0134431             0   0.000360664             0             0             0             0             0             0 
   205    -0.0189367   -0.00830296             0    -0.0106337             0             0             0             0             0             0 
   206     0.0125722    -0.0279303             0     0.0405025             0             0             0             0             0             0 
   213   -0.00350345   -0.00283189             0  -0.000671563             0             0             0             0             0             0 
   214   -0.00186439     0.0272605             0    -0.0291249             0             0             0             0             0             0 
   215    -0.0314738     0.0730774             0     -0.104551             0             0             0             0             0             0 
   216   0.000528919   0.000249488             0   0.000279431             0             0             0             0             0             0 
   217    0.00239808    -0.0190778             0     0.0214759             0             0             0             0             0             0 
   218    -0.0310462    -0.0243093             0    -0.0067369             0             0             0             0             0             0 
   219    0.00513419     0.0050801             0   5.40873e-05             0             0             0             0             0             0 
   220     0.0114224    -0.0216349             0     0.0330572             0             0             0             0             0             0 
   221    -0.0344742    -0.0640963             0     0.0296222             0             0             0             0             0             0 
   222     0.0254045     0.0249158             0   0.000488744             0             0             0             0             0             0 
   223   -0.00173728   -0.00913943             0    0.00740215             0             0             0             0             0             0 
   224    -0.0298615    -0.0851303             0     0.0552688             0             0             0             0             0             0 
   225     0.0159046     0.0154257             0   0.000478846             0             0             0             0             0             0 
   226    0.00339038   -0.00314479             0    0.00653517             0             0             0             0             0             0 
   227    0.00934797    -0.0441462             0     0.0534942             0             0             0             0             0             0 
   234   -0.00257559   -0.00203754             0  -0.000538058             0             0             0             0             0             0 
   235   0.000941055    0.00717062             0   -0.00622956             0             0             0             0             0             0 
   236     -0.023683     0.0572445             0    -0.0809275             0             0             0             0             0             0 
   237   0.000176248    0.00015386             0   2.23879e-05             0             0             0             0             0             0 
   238    0.00311188    0.00121164             0    0.00190024             0             0             0             0             0             0 
   239     -0.022268    -0.0165324             0   -0.00573561             0             0             0             0             0             0 
   240    0.00368591    0.00389827             0  -0.000212358             0             0             0             0             0             0 
   241   0.000567185   -9.1051e-05             0   0.000658236             0             0             0             0             0             0 
   242    -0.0268728    -0.0530619             0     0.0261891             0             0             0             0             0             0 
   243     0.0135155     0.0130552             0   0.000460369             0             0             0             0             0             0 
   244    0.00136247   -0.00543942             0     0.0068019             0             0             0             0             0             0 
   245     -0.023481    -0.0704143             0     0.0469333             0             0             0             0             0             0 
   246    0.00105749   0.000430021             0   0.000627471             0             0             0             0             0             0 
   247     0.0188403      0.005653             0     0.0131873             0             0             0             0             0             0 
   248     0.0380172    -0.0221363             0     0.0601535             0             0             0             0             0             0 
   255   -0.00163141  -0.000999957             0   -0.00063145             0             0             0             0             0             0 
   256    0.00167542     0.0134454             0      -0.01177             0             0             0             0             0             0 
   257     -0.010572     0.0391548             0    -0.0497268             0             0             0             0             0             0 
   258    1.5425e-05    0.00021573             0  -0.000200305             0             0             0             0             0             0 
   259     0.0023794     0.0110585             0   -0.00867913             0             0             0             0             0             0 
   260    -0.0113739    0.00297939             0    -0.0143533             0             0             0             0             0             0 
   261   0.000692541   0.000989226             0  -0.000296685             0             0             0             0             0             0 
   262   -0.00368068    0.00745456             0    -0.0111352             0             0             0             0             0             0 
   263    -0.0175131    -0.0177788             0   0.000265664             0             0             0             0             0             0 
   264    0.00344857    0.00276452             0   0.000684046             0             0             0             0             0             0 
   265    0.00236068    -0.0141168             0     0.0164775             0             0             0             0             0             0 
   266   -0.00281951    -0.0377144             0     0.0348949             0             0             0             0             0             0 
   267   -0.00252332   -0.00337299             0   0.000849673             0             0             0             0             0             0 
   268     0.0155396     -0.016767             0     0.0323066             0             0             0             0             0             0 
   269     0.0576503    -0.0106416             0     0.0682918             0             0             0             0             0             0 
   318  -0.000741287  -0.000568499             0  -0.000172788             0             0             0             0             0             0 
   319   -0.00172131     0.0145354             0    -0.0162567             0             0             0             0             0             0 
   320   -0.00432012    0.00727951             0    -0.0115996             0             0             0             0             0             0 
   321   0.000316549     0.0002866             0   2.99495e-05             0             0             0             0             0             0 
   322   -0.00329304   -0.00158804             0     -0.001705             0             0             0             0             0             0 
   323   -0.00234448  -0.000148075             0   -0.00219641             0             0             0             0             0             0 
   324    0.00325383    0.00322622             0    2.7607e-05             0             0             0             0             0             0 
   325   -0.00515235   -0.00339195             0    -0.0017604             0             0             0             0             0             0 
   326  -0.000890677   -0.00910528             0     0.0082146             0             0             0             0             0             0 
   327    0.00609609    0.00594244             0   0.000153643             0             0             0             0             0             0 
   328    -0.0149234   7.91318e-05             0    -0.0150026             0             0             0             0             0             0 
   329    0.00783709    -0.0181359             0      0.025973             0             0             0             0             0             0 
   330     0.0027628    0.00266056             0   0.000102237             0             0             0             0             0             0 
   331     -0.014051   -0.00458818             0   -0.00946279             0             0             0             0             0             0 
   332     0.0141871   -0.00393205             0     0.0181192             0             0             0             0             0             0 
   339  -0.000363902   5.48785e-05             0  -0.000418781             0             0             0             0             0             0 
   340   -0.00857377     0.0493865             0    -0.0579603             0             0             0             0             0             0 
   341   -0.00523872     0.0107599             0    -0.0159987             0             0             0             0             0             0 
   342    0.00375831    0.00362974             0   0.000128567             0             0             0             0             0             0 
   343    -0.0133652    -0.0182352             0    0.00486999             0             0             0             0             0             0 
   344    0.00383086    0.00565387             0   -0.00182301             0             0             0             0             0             0 
   345    0.00579296    0.00558868             0   0.000204288             0             0             0             0             0             0 
   346   -0.00167419    -0.0337433             0     0.0320691             0             0             0             0             0             0 
   347   0.000685597    0.00100939             0  -0.000323789             0             0             0             0             0             0 
   348     0.0240652     0.0237858             0   0.000279355             0             0             0             0             0             0 
   349    -0.0270078    -0.0151213             0    -0.0118865             0             0             0             0             0             0 
   350    0.00753181    -0.0248655             0     0.0323973             0             0             0             0             0             0 
   351     0.0223862     0.0221091             0   0.000277032             0             0             0             0             0             0 
   352    -0.0423453    -0.0279426             0    -0.0144028             0             0             0             0             0             0 
   353     0.0378337   -0.00739328             0      0.045227             0             0             0             0             0             0 
   360    0.00152437    0.00187277             0  -0.000348396             0             0             0             0             0             0 
   361   -0.00470851     0.0320282             0    -0.0367367             0             0             0             0             0             0 
   362   -0.00880686     0.0162221             0    -0.0250289             0             0             0             0             0             0 
   363    0.00175516    0.00153508             0   0.000220084             0             0             0             0             0             0 
   364   -0.00105465    -0.0255263             0     0.0244716             0             0             0             0             0             0 
   365  -0.000267651    0.00219324             0   -0.00246089             0             0             0             0             0             0 
   366   -0.00153792   -0.00165009             0   0.000112179             0             0             0             0             0             0 
   367      0.012018     -0.034599             0      0.046617             0             0             0             0             0             0 
   368   -0.00459358   -0.00373608             0  -0.000857497             0             0             0             0             0             0 
   369     0.0211817     0.0209552             0   0.000226463             0             0             0             0             0             0 
   370   -0.00544922    -0.0155312             0      0.010082             0             0             0             0             0             0 
   371    -0.0101417    -0.0441788             0     0.0340371             0             0             0             0             0             0 
   372   0.000264565   -0.00010708             0   0.000371646             0             0             0             0             0             0 
   373    0.00863639  -0.000692472             0    0.00932886             0             0             0             0             0             0 
   374     0.0402087    -0.0186376             0     0.0588463             0             0             0             0             0             0 
   381  -5.06096e-05   0.000115154             0  -0.000165763             0             0             0             0             0             0 
   382   0.000544491    0.00374144             0   -0.00319695             0             0             0             0             0             0 
   383    -0.0067759     0.0146283             0    -0.0214042             0             0             0             0             0             0 
   384  -0.000899156  -0.000936974             0   3.78175e-05             0             0             0             0             0             0 
   385    0.00451429   -0.00178434             0    0.00629863             0             0             0             0             0             0 
   386   -0.00540101   -0.00266828             0   -0.00273272             0             0             0             0             0             0 
   387   0.000365849   0.000473037             0  -0.000107188             0             0             0             0             0             0 
   388    0.00388088    -0.0010749             0    0.00495578             0             0             0             0             0             0 
   389    -0.0125368    -0.0143202             0    0.00178335             0             0             0             0             0             0 
   390    0.00604919    0.00586799             0   0.000181197             0             0             0             0             0             0 
   391    0.00731855    0.00149109             0    0.00582746             0             0             0             0             0             0 
   392    -0.0104372    -0.0353141             0     0.0248768             0             0             0             0             0             0 
   393    -0.0207122    -0.0211219             0   0.000409695             0             0             0             0             0             0 
   394     0.0401766     0.0263909             0     0.0137857             0             0             0             0             0             0 
   395     0.0523823    0.00261251             0     0.0497698             0             0             0             0             0             0 
   402  -0.000316628  -0.000104423             0  -0.000212205             0             0             0             0             0             0 
   403    0.00170865    0.00298465             0     -0.001276             0             0             0             0             0             0 
   404   -0.00289759    0.00935761             0    -0.0122552             0             0             0             0             0             0 
   405   0.000106489   0.000152647             0  -4.61586e-05             0             0             0             0             0             0 
   406    0.00193684    0.00336622             0   -0.00142938             0             0             0             0             0             0 
   407   -0.00236303   0.000486708             0   -0.00284974             0             0             0             0             0             0 
   408   0.000738386   0.000844074             0  -0.000105688             0             0             0             0             0             0 
   409   -0.00152522    0.00318799             0   -0.00471321             0             0             0             0             0             0 
   410     -0.008743   -0.00607836             0   -0.00266464             0             0             0             0             0             0 
   411    0.00211788    0.00183867             0   0.000279213             0             0             0             0             0             0 
   412    0.00135571   -0.00314005             0    0.00449576             0             0             0             0             0             0 
   413  -0.000686045    -0.0184842             0     0.0177982             0             0             0             0             0             0 
   414    -0.0053236   -0.00574733             0   0.000423727             0             0             0             0             0             0 
   415     0.0134833  -0.000746615             0     0.0142299             0             0             0             0             0             0 
   416      0.049693    0.00425326             0     0.0454397             0             0             0             0             0             0 
