#varID         total       dxdbVol      dxdbSurf          dSdb          dndb    dxdbDirect          dVdb      distance       options          dvdb
   171   -0.00210322   -0.00175609             0  -0.000347136             0             0             0             0             0             0 
   172   -0.00182507       0.01227             0    -0.0140951             0             0             0             0             0             0 
   173   -0.00799084     0.0117356             0    -0.0197264             0             0             0             0             0             0 
   174   0.000756761   0.000581684             0   0.000175078             0             0             0             0             0             0 
   175   -0.00399584   -0.00623483             0      0.002239             0             0             0             0             0             0 
   176   -0.00695876     0.0100521             0    -0.0170108             0             0             0             0             0             0 
   177    0.00672533     0.0066261             0   9.92263e-05             0             0             0             0             0             0 
   178    -0.0104177   -0.00552306             0   -0.00489463             0             0             0             0             0             0 
   179   -0.00130902    -0.0185058             0     0.0171968             0             0             0             0             0             0 
   180    0.00455034    0.00421641             0   0.000333936             0             0             0             0             0             0 
   181   -0.00898587   -0.00163272             0   -0.00735315             0             0             0             0             0             0 
   182    0.00221422    -0.0198758             0     0.0220901             0             0             0             0             0             0 
   183  -0.000488428  -0.000695813             0   0.000207386             0             0             0             0             0             0 
   184   0.000251575    0.00268595             0   -0.00243438             0             0             0             0             0             0 
   185     0.0052473   -0.00653059             0     0.0117779             0             0             0             0             0             0 
   192   -0.00197892   -0.00139742             0  -0.000581501             0             0             0             0             0             0 
   193    -0.0102577     0.0409919             0    -0.0512496             0             0             0             0             0             0 
   194    -0.0127466     0.0138223             0    -0.0265689             0             0             0             0             0             0 
   195    0.00377487     0.0035096             0   0.000265263             0             0             0             0             0             0 
   196    -0.0128036    -0.0236933             0     0.0108897             0             0             0             0             0             0 
   197    -0.0106938    0.00736334             0    -0.0180571             0             0             0             0             0             0 
   198    0.00377699    0.00361045             0   0.000166542             0             0             0             0             0             0 
   199    0.00478726    -0.0240817             0      0.028869             0             0             0             0             0             0 
   200   -0.00784134    -0.0136366             0    0.00579531             0             0             0             0             0             0 
   201    0.00604057    0.00580925             0   0.000231322             0             0             0             0             0             0 
   202  -0.000417503   -0.00251179             0    0.00209429             0             0             0             0             0             0 
   203    -0.0124992    -0.0149494             0    0.00245016             0             0             0             0             0             0 
   204    0.00570732    0.00542262             0   0.000284699             0             0             0             0             0             0 
   205   -0.00439112   -0.00157041             0    -0.0028207             0             0             0             0             0             0 
   206  -0.000239897    -0.0116142             0     0.0113743             0             0             0             0             0             0 
   213  -9.58649e-06   0.000521235             0  -0.000530822             0             0             0             0             0             0 
   214   -0.00629184     0.0231441             0     -0.029436             0             0             0             0             0             0 
   215    -0.0204273     0.0224945             0    -0.0429218             0             0             0             0             0             0 
   216    0.00187487    0.00150497             0   0.000369895             0             0             0             0             0             0 
   217   -0.00016084       -0.0195             0     0.0193391             0             0             0             0             0             0 
   218    -0.0177898    -0.0130321             0   -0.00475771             0             0             0             0             0             0 
   219   -0.00494843    -0.0050034             0   5.49698e-05             0             0             0             0             0             0 
   220     0.0241872    -0.0125823             0     0.0367695             0             0             0             0             0             0 
   221   -0.00922327    -0.0415302             0      0.032307             0             0             0             0             0             0 
   222    0.00294783     0.0029099             0   3.79254e-05             0             0             0             0             0             0 
   223    0.00601745   -0.00134521             0    0.00736267             0             0             0             0             0             0 
   224    -0.0123096   -0.00590831             0   -0.00640134             0             0             0             0             0             0 
   225    0.00660942    0.00630217             0   0.000307251             0             0             0             0             0             0 
   226    0.00108799   -0.00224852             0    0.00333651             0             0             0             0             0             0 
   227   -0.00619375    -0.0101856             0    0.00399186             0             0             0             0             0             0 
   234  -0.000910818  -0.000522674             0  -0.000388144             0             0             0             0             0             0 
   235  -0.000355079    0.00396453             0   -0.00431961             0             0             0             0             0             0 
   236    -0.0164439     0.0163649             0    -0.0328088             0             0             0             0             0             0 
   237   0.000299806   9.67534e-05             0   0.000203053             0             0             0             0             0             0 
   238    0.00251312   -0.00333865             0    0.00585177             0             0             0             0             0             0 
   239    -0.0135071    -0.0209327             0    0.00742552             0             0             0             0             0             0 
   240    0.00114075    0.00123324             0  -9.24926e-05             0             0             0             0             0             0 
   241    0.00466573   -0.00204265             0    0.00670837             0             0             0             0             0             0 
   242   0.000581791    -0.0447261             0     0.0453079             0             0             0             0             0             0 
   243   0.000235957   7.16397e-05             0   0.000164318             0             0             0             0             0             0 
   244  -0.000246084     0.0026317             0   -0.00287778             0             0             0             0             0             0 
   245  -0.000385567     0.0155191             0    -0.0159047             0             0             0             0             0             0 
   246   -0.00188035   -0.00228605             0   0.000405699             0             0             0             0             0             0 
   247    0.00969727    0.00325721             0    0.00644006             0             0             0             0             0             0 
   248    0.00526315   -0.00148135             0    0.00674449             0             0             0             0             0             0 
   255   -0.00116336  -0.000666625             0  -0.000496735             0             0             0             0             0             0 
   256   0.000346893    0.00671483             0   -0.00636793             0             0             0             0             0             0 
   257    -0.0086273      0.010293             0    -0.0189203             0             0             0             0             0             0 
   258   0.000463345   0.000404886             0   5.84596e-05             0             0             0             0             0             0 
   259   -0.00147481   -0.00528063             0    0.00380583             0             0             0             0             0             0 
   260   -0.00700597    -0.0131394             0    0.00613341             0             0             0             0             0             0 
   261    0.00262007    0.00271148             0  -9.14144e-05             0             0             0             0             0             0 
   262   -0.00417546   -0.00568782             0    0.00151236             0             0             0             0             0             0 
   263   0.000653059    -0.0200758             0     0.0207289             0             0             0             0             0             0 
   264   0.000594387   0.000165062             0   0.000429325             0             0             0             0             0             0 
   265   -0.00627586   0.000977145             0   -0.00725301             0             0             0             0             0             0 
   266   5.99036e-05     0.0190441             0    -0.0189842             0             0             0             0             0             0 
   267    -0.0018283   -0.00240917             0   0.000580872             0             0             0             0             0             0 
   268     0.0106711  -0.000435093             0     0.0111061             0             0             0             0             0             0 
   269      0.011882   -0.00713301             0      0.019015             0             0             0             0             0             0 
   318  -0.000382531  -0.000216285             0  -0.000166246             0             0             0             0             0             0 
   319     -0.004407     0.0123289             0    -0.0167359             0             0             0             0             0             0 
   320   -0.00175672   -0.00011137             0   -0.00164535             0             0             0             0             0             0 
   321    0.00146823    0.00143622             0   3.20044e-05             0             0             0             0             0             0 
   322   -0.00712743    -0.0055405             0   -0.00158693             0             0             0             0             0             0 
   323  -0.000884729    0.00306647             0    -0.0039512             0             0             0             0             0             0 
   324    0.00297527     0.0029411             0   3.41636e-05             0             0             0             0             0             0 
   325   -0.00551467   -0.00554639             0   3.17241e-05             0             0             0             0             0             0 
   326    0.00195015   -0.00358043             0    0.00553058             0             0             0             0             0             0 
   327    0.00295835    0.00282987             0   0.000128485             0             0             0             0             0             0 
   328   -0.00729956   -0.00131234             0   -0.00598722             0             0             0             0             0             0 
   329    0.00720484   -0.00533483             0     0.0125397             0             0             0             0             0             0 
   330    0.00121765    0.00110247             0   0.000115175             0             0             0             0             0             0 
   331   -0.00477866  -0.000314301             0   -0.00446436             0             0             0             0             0             0 
   332    0.00840979   -0.00200704             0     0.0104168             0             0             0             0             0             0 
   339    0.00122161    0.00165412             0  -0.000432511             0             0             0             0             0             0 
   340    -0.0166537     0.0404271             0    -0.0570808             0             0             0             0             0             0 
   341   -0.00359623   -0.00113157             0   -0.00246465             0             0             0             0             0             0 
   342    0.00943238    0.00932009             0   0.000112289             0             0             0             0             0             0 
   343    -0.0269689    -0.0289731             0    0.00200425             0             0             0             0             0             0 
   344    0.00458182    0.00652488             0   -0.00194306             0             0             0             0             0             0 
   345     0.0032162    0.00301911             0   0.000197091             0             0             0             0             0             0 
   346    0.00154003    -0.0317097             0     0.0332497             0             0             0             0             0             0 
   347    0.00643516    0.00674814             0   -0.00031298             0             0             0             0             0             0 
   348    0.00913511     0.0089866             0   0.000148519             0             0             0             0             0             0 
   349   -0.00942478   -0.00926437             0   -0.00016041             0             0             0             0             0             0 
   350    0.00118409   -0.00570535             0    0.00688944             0             0             0             0             0             0 
   351     0.0134627      0.013202             0   0.000260629             0             0             0             0             0             0 
   352    -0.0213615    -0.0133122             0   -0.00804932             0             0             0             0             0             0 
   353     0.0134297   -0.00782361             0     0.0212533             0             0             0             0             0             0 
   360    0.00288368    0.00324562             0  -0.000361938             0             0             0             0             0             0 
   361   -0.00954905      0.024262             0     -0.033811             0             0             0             0             0             0 
   362   -0.00638502    0.00194325             0   -0.00832827             0             0             0             0             0             0 
   363    0.00419604    0.00395347             0   0.000242569             0             0             0             0             0             0 
   364   -0.00560801     -0.025497             0      0.019889             0             0             0             0             0             0 
   365    0.00243615    0.00290055             0  -0.000464403             0             0             0             0             0             0 
   366    -0.0100671    -0.0102031             0   0.000136006             0             0             0             0             0             0 
   367     0.0269121    -0.0197387             0     0.0466508             0             0             0             0             0             0 
   368     0.0063158   0.000412046             0    0.00590375             0             0             0             0             0             0 
   369    0.00483509    0.00478463             0   5.04568e-05             0             0             0             0             0             0 
   370    0.00187867   -0.00657433             0      0.008453             0             0             0             0             0             0 
   371   -0.00583767   -0.00332853             0   -0.00250914             0             0             0             0             0             0 
   372    0.00453816    0.00418226             0   0.000355893             0             0             0             0             0             0 
   373    0.00420505   -2.4105e-05             0    0.00422915             0             0             0             0             0             0 
   374    0.00573441    -0.0115293             0     0.0172637             0             0             0             0             0             0 
   381   0.000397341   0.000552688             0  -0.000155348             0             0             0             0             0             0 
   382  -0.000276722    0.00233848             0   -0.00261521             0             0             0             0             0             0 
   383   -0.00486614    0.00314346             0    -0.0080096             0             0             0             0             0             0 
   384  -0.000964056   -0.00104999             0   8.59293e-05             0             0             0             0             0             0 
   385    0.00426501   -0.00246057             0    0.00672559             0             0             0             0             0             0 
   386   -0.00311708   -0.00457321             0    0.00145612             0             0             0             0             0             0 
   387    -0.0025166   -0.00246996             0  -4.66382e-05             0             0             0             0             0             0 
   388    0.00738978   0.000917478             0     0.0064723             0             0             0             0             0             0 
   389   0.000875785    -0.0115409             0     0.0124166             0             0             0             0             0             0 
   390   -0.00197424   -0.00209586             0   0.000121622             0             0             0             0             0             0 
   391    0.00381425    0.00360574             0   0.000208512             0             0             0             0             0             0 
   392  -0.000594843    0.00899704             0   -0.00959189             0             0             0             0             0             0 
   393    -0.0131297    -0.0134785             0   0.000348778             0             0             0             0             0             0 
   394     0.0274791      0.017157             0     0.0103221             0             0             0             0             0             0 
   395      0.010649   -0.00404242             0     0.0146914             0             0             0             0             0             0 
   402  -0.000239323  -3.01757e-05             0  -0.000209147             0             0             0             0             0             0 
   403    0.00115091    0.00211825             0  -0.000967347             0             0             0             0             0             0 
   404   -0.00230567     0.0019345             0   -0.00424017             0             0             0             0             0             0 
   405   9.18998e-05   9.05795e-05             0   1.32035e-06             0             0             0             0             0             0 
   406   0.000709503   -0.00170694             0    0.00241644             0             0             0             0             0             0 
   407   -0.00150111   -0.00427731             0     0.0027762             0             0             0             0             0             0 
   408    0.00060093   0.000625359             0  -2.44286e-05             0             0             0             0             0             0 
   409  -0.000241913  -0.000475934             0   0.000234021             0             0             0             0             0             0 
   410   0.000742079   -0.00522433             0    0.00596641             0             0             0             0             0             0 
   411   -0.00120269   -0.00145976             0   0.000257068             0             0             0             0             0             0 
   412   -0.00329236   0.000422411             0   -0.00371477             0             0             0             0             0             0 
   413    0.00192392    0.00995675             0   -0.00803283             0             0             0             0             0             0 
   414   -0.00252013   -0.00284572             0   0.000325595             0             0             0             0             0             0 
   415    0.00591163   0.000442522             0    0.00546911             0             0             0             0             0             0 
   416     0.0149233   -0.00506015             0     0.0199835             0             0             0             0             0             0 
