#varID         total       dxdbVol      dxdbSurf          dSdb          dndb    dxdbDirect          dVdb      distance       options          dvdb
   171   -0.00202818   -0.00169338             0  -0.000334806             0             0             0             0             0             0 
   172   -0.00207657     0.0119258             0    -0.0140023             0             0             0             0             0             0 
   173   -0.00650584    0.00896944             0    -0.0154753             0             0             0             0             0             0 
   174   0.000708804   0.000533801             0   0.000175003             0             0             0             0             0             0 
   175   -0.00414298   -0.00677895             0    0.00263597             0             0             0             0             0             0 
   176   -0.00592542     0.0126832             0    -0.0186087             0             0             0             0             0             0 
   177    0.00591953    0.00582221             0   9.73204e-05             0             0             0             0             0             0 
   178   -0.00953364   -0.00505987             0   -0.00447377             0             0             0             0             0             0 
   179   -0.00126215    -0.0161406             0     0.0148784             0             0             0             0             0             0 
   180    0.00421008    0.00389689             0   0.000313187             0             0             0             0             0             0 
   181   -0.00778176    -0.0020276             0   -0.00575416             0             0             0             0             0             0 
   182    0.00221522    -0.0152041             0     0.0174193             0             0             0             0             0             0 
   183  -0.000346709  -0.000548222             0   0.000201512             0             0             0             0             0             0 
   184    0.00077571    0.00261274             0   -0.00183703             0             0             0             0             0             0 
   185    0.00460601   -0.00530042             0    0.00990643             0             0             0             0             0             0 
   192    -0.0017574   -0.00118443             0  -0.000572966             0             0             0             0             0             0 
   193    -0.0104417     0.0390196             0    -0.0494613             0             0             0             0             0             0 
   194    -0.0105989     0.0099783             0    -0.0205772             0             0             0             0             0             0 
   195    0.00379889    0.00354083             0   0.000258061             0             0             0             0             0             0 
   196    -0.0136011     -0.023721             0     0.0101199             0             0             0             0             0             0 
   197   -0.00886293     0.0100582             0    -0.0189211             0             0             0             0             0             0 
   198    0.00314987    0.00297908             0   0.000170796             0             0             0             0             0             0 
   199    0.00494327     -0.022284             0     0.0272272             0             0             0             0             0             0 
   200   -0.00665431    -0.0117402             0    0.00508588             0             0             0             0             0             0 
   201    0.00488326    0.00468786             0   0.000195403             0             0             0             0             0             0 
   202   0.000645992   -0.00296499             0    0.00361098             0             0             0             0             0             0 
   203    -0.0119553   -0.00926933             0   -0.00268595             0             0             0             0             0             0 
   204    0.00517247    0.00490531             0   0.000267166             0             0             0             0             0             0 
   205   -0.00363516    -0.0015046             0   -0.00213056             0             0             0             0             0             0 
   206   -0.00150163    -0.0094271             0    0.00792547             0             0             0             0             0             0 
   213   0.000210578   0.000732573             0  -0.000521995             0             0             0             0             0             0 
   214   -0.00635071     0.0212295             0    -0.0275803             0             0             0             0             0             0 
   215    -0.0175053      0.017397             0    -0.0349022             0             0             0             0             0             0 
   216    0.00166788    0.00129064             0   0.000377235             0             0             0             0             0             0 
   217  -0.000605217    -0.0181036             0     0.0174984             0             0             0             0             0             0 
   218    -0.0156262    -0.0097224             0   -0.00590382             0             0             0             0             0             0 
   219   -0.00466212   -0.00474166             0   7.95422e-05             0             0             0             0             0             0 
   220     0.0245755    -0.0105007             0     0.0350762             0             0             0             0             0             0 
   221   -0.00607932    -0.0385771             0     0.0324977             0             0             0             0             0             0 
   222    0.00181228    0.00180059             0    1.1686e-05             0             0             0             0             0             0 
   223    0.00626582  -0.000489408             0    0.00675522             0             0             0             0             0             0 
   224   -0.00965875    0.00155854             0    -0.0112173             0             0             0             0             0             0 
   225    0.00575082    0.00547373             0   0.000277081             0             0             0             0             0             0 
   226   0.000110166   -0.00273289             0    0.00284305             0             0             0             0             0             0 
   227   -0.00762595   -0.00678136             0  -0.000844582             0             0             0             0             0             0 
   234  -0.000725976  -0.000352554             0  -0.000373422             0             0             0             0             0             0 
   235  -0.000430924    0.00331585             0   -0.00374678             0             0             0             0             0             0 
   236    -0.0140713     0.0121287             0       -0.0262             0             0             0             0             0             0 
   237   0.000249555   2.38334e-05             0   0.000225721             0             0             0             0             0             0 
   238    0.00253238   -0.00324237             0    0.00577476             0             0             0             0             0             0 
   239    -0.0114731    -0.0181418             0    0.00666874             0             0             0             0             0             0 
   240    0.00207258    0.00213994             0  -6.73533e-05             0             0             0             0             0             0 
   241     0.0056105   -0.00156302             0    0.00717353             0             0             0             0             0             0 
   242    0.00535449    -0.0403852             0     0.0457397             0             0             0             0             0             0 
   243   6.45433e-05  -8.64529e-05             0   0.000150996             0             0             0             0             0             0 
   244   3.75704e-05     0.0041893             0   -0.00415173             0             0             0             0             0             0 
   245    0.00144665     0.0220458             0    -0.0205992             0             0             0             0             0             0 
   246   -0.00264616   -0.00300872             0   0.000362564             0             0             0             0             0             0 
   247    0.00789638    0.00262655             0    0.00526983             0             0             0             0             0             0 
   248   6.02702e-05   -0.00162594             0    0.00168621             0             0             0             0             0             0 
   255   -0.00105852  -0.000575832             0  -0.000482686             0             0             0             0             0             0 
   256   0.000329525    0.00591716             0   -0.00558764             0             0             0             0             0             0 
   257   -0.00724511    0.00760671             0    -0.0148518             0             0             0             0             0             0 
   258   0.000409998   0.000318822             0   9.11759e-05             0             0             0             0             0             0 
   259  -0.000819013   -0.00573455             0    0.00491554             0             0             0             0             0             0 
   260    -0.0054114    -0.0122621             0    0.00685069             0             0             0             0             0             0 
   261    0.00310208    0.00316692             0  -6.48395e-05             0             0             0             0             0             0 
   262   -0.00208549   -0.00535643             0    0.00327094             0             0             0             0             0             0 
   263    0.00435667    -0.0168332             0     0.0211899             0             0             0             0             0             0 
   264   1.83438e-05  -0.000389902             0   0.000408246             0             0             0             0             0             0 
   265   -0.00514546    0.00371421             0   -0.00885966             0             0             0             0             0             0 
   266  -5.34551e-05     0.0234687             0    -0.0235221             0             0             0             0             0             0 
   267   -0.00297069   -0.00350144             0   0.000530748             0             0             0             0             0             0 
   268    0.00859655   0.000231591             0    0.00836496             0             0             0             0             0             0 
   269    0.00604825   -0.00806142             0     0.0141097             0             0             0             0             0             0 
   318  -0.000362776  -0.000198025             0  -0.000164751             0             0             0             0             0             0 
   319   -0.00431399     0.0116532             0    -0.0159672             0             0             0             0             0             0 
   320   -0.00154553  -0.000821287             0   -0.00072424             0             0             0             0             0             0 
   321    0.00147082    0.00144098             0   2.98386e-05             0             0             0             0             0             0 
   322   -0.00711622   -0.00571869             0   -0.00139753             0             0             0             0             0             0 
   323  -0.000943973    0.00330825             0   -0.00425223             0             0             0             0             0             0 
   324    0.00273094    0.00269719             0   3.37568e-05             0             0             0             0             0             0 
   325   -0.00525628   -0.00529121             0   3.49279e-05             0             0             0             0             0             0 
   326    0.00192779   -0.00323207             0    0.00515986             0             0             0             0             0             0 
   327     0.0027607    0.00263719             0   0.000123506             0             0             0             0             0             0 
   328   -0.00649481   -0.00147809             0   -0.00501672             0             0             0             0             0             0 
   329      0.007044   -0.00356848             0     0.0106125             0             0             0             0             0             0 
   330    0.00115984    0.00104522             0   0.000114622             0             0             0             0             0             0 
   331   -0.00414927  -0.000133993             0   -0.00401527             0             0             0             0             0             0 
   332    0.00756023   -0.00180881             0    0.00936904             0             0             0             0             0             0 
   339    0.00122188    0.00165733             0  -0.000435444             0             0             0             0             0             0 
   340    -0.0163147     0.0375179             0    -0.0538326             0             0             0             0             0             0 
   341   -0.00321998   -0.00212106             0   -0.00109893             0             0             0             0             0             0 
   342    0.00937464    0.00927607             0   9.85715e-05             0             0             0             0             0             0 
   343    -0.0273169    -0.0286059             0    0.00128896             0             0             0             0             0             0 
   344    0.00396834    0.00613603             0   -0.00216768             0             0             0             0             0             0 
   345    0.00305114    0.00285096             0   0.000200179             0             0             0             0             0             0 
   346    0.00173382    -0.0293888             0     0.0311226             0             0             0             0             0             0 
   347    0.00598127    0.00613409             0  -0.000152824             0             0             0             0             0             0 
   348    0.00793081    0.00779883             0   0.000131983             0             0             0             0             0             0 
   349   -0.00813394   -0.00874507             0   0.000611132             0             0             0             0             0             0 
   350    0.00075919   -0.00302377             0    0.00378296             0             0             0             0             0             0 
   351     0.0123301     0.0120843             0   0.000245815             0             0             0             0             0             0 
   352    -0.0201219    -0.0123317             0   -0.00779015             0             0             0             0             0             0 
   353     0.0111096   -0.00723002             0     0.0183396             0             0             0             0             0             0 
   360    0.00274014    0.00310893             0  -0.000368794             0             0             0             0             0             0 
   361   -0.00951902     0.0217428             0    -0.0312618             0             0             0             0             0             0 
   362   -0.00558987   0.000573393             0   -0.00616326             0             0             0             0             0             0 
   363    0.00403258    0.00378962             0   0.000242958             0             0             0             0             0             0 
   364   -0.00614406    -0.0239729             0     0.0178289             0             0             0             0             0             0 
   365    0.00231272    0.00308808             0   -0.00077536             0             0             0             0             0             0 
   366   -0.00990559    -0.0100633             0   0.000157669             0             0             0             0             0             0 
   367     0.0278275    -0.0165368             0     0.0443643             0             0             0             0             0             0 
   368    0.00667807   0.000308491             0    0.00636958             0             0             0             0             0             0 
   369    0.00384741    0.00380911             0   3.82989e-05             0             0             0             0             0             0 
   370    0.00203919   -0.00572143             0    0.00776062             0             0             0             0             0             0 
   371   -0.00478936    0.00118626             0   -0.00597562             0             0             0             0             0             0 
   372    0.00456678    0.00422961             0   0.000337167             0             0             0             0             0             0 
   373     0.0023188   -0.00139852             0    0.00371732             0             0             0             0             0             0 
   374    0.00284299    -0.0100462             0     0.0128891             0             0             0             0             0             0 
   381   0.000406555   0.000562822             0  -0.000156266             0             0             0             0             0             0 
   382  -0.000358961    0.00195509             0   -0.00231405             0             0             0             0             0             0 
   383   -0.00424556    0.00179666             0   -0.00604222             0             0             0             0             0             0 
   384  -0.000881773  -0.000976305             0   9.45321e-05             0             0             0             0             0             0 
   385     0.0040434   -0.00230241             0    0.00634581             0             0             0             0             0             0 
   386   -0.00258053   -0.00388656             0    0.00130604             0             0             0             0             0             0 
   387   -0.00205466   -0.00202324             0  -3.14264e-05             0             0             0             0             0             0 
   388    0.00781476    0.00142095             0    0.00639381             0             0             0             0             0             0 
   389    0.00313739   -0.00988625             0     0.0130236             0             0             0             0             0             0 
   390   -0.00211142   -0.00223085             0   0.000119423             0             0             0             0             0             0 
   391     0.0034298    0.00400028             0  -0.000570487             0             0             0             0             0             0 
   392  -6.45308e-05     0.0124345             0     -0.012499             0             0             0             0             0             0 
   393    -0.0129534    -0.0132784             0   0.000325018             0             0             0             0             0             0 
   394     0.0250924      0.015239             0    0.00985349             0             0             0             0             0             0 
   395    0.00467664   -0.00612786             0     0.0108045             0             0             0             0             0             0 
   402  -0.000225426  -1.47915e-05             0  -0.000210634             0             0             0             0             0             0 
   403    0.00105536    0.00199148             0  -0.000936117             0             0             0             0             0             0 
   404   -0.00193365     0.0011681             0   -0.00310175             0             0             0             0             0             0 
   405   9.31557e-05    8.3978e-05             0   9.17772e-06             0             0             0             0             0             0 
   406   0.000748234   -0.00201032             0    0.00275855             0             0             0             0             0             0 
   407   -0.00100354   -0.00399989             0    0.00299634             0             0             0             0             0             0 
   408   0.000850827   0.000862079             0   -1.1252e-05             0             0             0             0             0             0 
   409   0.000495442  -0.000352229             0   0.000847671             0             0             0             0             0             0 
   410    0.00258024   -0.00383791             0    0.00641815             0             0             0             0             0             0 
   411    -0.0018027   -0.00205729             0   0.000254591             0             0             0             0             0             0 
   412   -0.00320111    0.00130742             0   -0.00450854             0             0             0             0             0             0 
   413    0.00152169     0.0119603             0    -0.0104387             0             0             0             0             0             0 
   414   -0.00383215   -0.00413486             0   0.000302711             0             0             0             0             0             0 
   415    0.00459533   0.000319472             0    0.00427586             0             0             0             0             0             0 
   416     0.0098959   -0.00712957             0     0.0170255             0             0             0             0             0             0 
