#varID         total       dxdbVol      dxdbSurf          dSdb          dndb    dxdbDirect          dVdb      distance       options          dvdb
   171    -0.0028497   -0.00244904             0  -0.000400662             0             0             0             0             0             0 
   172   0.000491456     0.0125427             0    -0.0120513             0             0             0             0             0             0 
   173    -0.0164947     0.0243465             0    -0.0408413             0             0             0             0             0             0 
   174   0.000438805   0.000265936             0   0.000172869             0             0             0             0             0             0 
   175   -0.00222563   -0.00318017             0   0.000954537             0             0             0             0             0             0 
   176    -0.0138042   -0.00364608             0    -0.0101581             0             0             0             0             0             0 
   177    0.00747399    0.00736877             0   0.000105211             0             0             0             0             0             0 
   178    -0.0110762   -0.00386041             0   -0.00721584             0             0             0             0             0             0 
   179   -0.00531684    -0.0344955             0     0.0291786             0             0             0             0             0             0 
   180    0.00689438     0.0064841             0   0.000410279             0             0             0             0             0             0 
   181    -0.0136426    0.00115203             0    -0.0147947             0             0             0             0             0             0 
   182    0.00690729    -0.0357006             0     0.0426079             0             0             0             0             0             0 
   183   0.000678004   0.000451648             0   0.000226355             0             0             0             0             0             0 
   184   -0.00472042    0.00106086             0   -0.00578128             0             0             0             0             0             0 
   185     0.0110931   -0.00867228             0     0.0197654             0             0             0             0             0             0 
   192   -0.00374936   -0.00311764             0  -0.000631721             0             0             0             0             0             0 
   193   -0.00614305     0.0435582             0    -0.0497013             0             0             0             0             0             0 
   194    -0.0220991      0.031681             0    -0.0537801             0             0             0             0             0             0 
   195    0.00183247    0.00156691             0   0.000265564             0             0             0             0             0             0 
   196   -0.00688186    -0.0184601             0     0.0115782             0             0             0             0             0             0 
   197     -0.019908   -0.00656679             0    -0.0133412             0             0             0             0             0             0 
   198    0.00641944    0.00624549             0   0.000173942             0             0             0             0             0             0 
   199     0.0034191    -0.0244533             0     0.0278724             0             0             0             0             0             0 
   200    -0.0161564    -0.0293681             0     0.0132117             0             0             0             0             0             0 
   201     0.0147535     0.0143616             0   0.000391938             0             0             0             0             0             0 
   202   -0.00839155    -0.0018464             0   -0.00654515             0             0             0             0             0             0 
   203    -0.0110629    -0.0381126             0     0.0270497             0             0             0             0             0             0 
   204    0.00997574    0.00963853             0   0.000337205             0             0             0             0             0             0 
   205    -0.0117916   -0.00496971             0   -0.00682188             0             0             0             0             0             0 
   206    0.00789554    -0.0186516             0     0.0265472             0             0             0             0             0             0 
   213   -0.00235119   -0.00175253             0  -0.000598662             0             0             0             0             0             0 
   214   -0.00383881      0.026972             0    -0.0308108             0             0             0             0             0             0 
   215    -0.0311446     0.0443293             0    -0.0754739             0             0             0             0             0             0 
   216    0.00128655    0.00095618             0   0.000330374             0             0             0             0             0             0 
   217    0.00142275    -0.0201812             0     0.0216039             0             0             0             0             0             0 
   218    -0.0286084    -0.0252634             0   -0.00334501             0             0             0             0             0             0 
   219    -0.0010995   -0.00111522             0   1.57148e-05             0             0             0             0             0             0 
   220     0.0177184     -0.019244             0     0.0369624             0             0             0             0             0             0 
   221    -0.0246979    -0.0555918             0     0.0308939             0             0             0             0             0             0 
   222     0.0120663     0.0118511             0    0.00021526             0             0             0             0             0             0 
   223    0.00241474   -0.00596048             0    0.00837522             0             0             0             0             0             0 
   224    -0.0216257    -0.0424255             0     0.0207999             0             0             0             0             0             0 
   225     0.0104323     0.0100166             0   0.000415745             0             0             0             0             0             0 
   226    0.00403848   -0.00111873             0    0.00515721             0             0             0             0             0             0 
   227    0.00360241    -0.0244034             0     0.0280058             0             0             0             0             0             0 
   234   -0.00236087   -0.00189477             0  -0.000466097             0             0             0             0             0             0 
   235  -2.82919e-05    0.00592019             0   -0.00594848             0             0             0             0             0             0 
   236    -0.0256559     0.0333724             0    -0.0590284             0             0             0             0             0             0 
   237   0.000749232   0.000636423             0   0.000112808             0             0             0             0             0             0 
   238    0.00148558   -0.00263878             0    0.00412436             0             0             0             0             0             0 
   239      -0.02427    -0.0279214             0    0.00365144             0             0             0             0             0             0 
   240    0.00178978    0.00196649             0  -0.000176702             0             0             0             0             0             0 
   241  -5.61288e-05   -0.00413641             0    0.00408028             0             0             0             0             0             0 
   242     -0.019915    -0.0583215             0     0.0384065             0             0             0             0             0             0 
   243    0.00380762    0.00353811             0   0.000269513             0             0             0             0             0             0 
   244  -4.87388e-05   -0.00317753             0    0.00312879             0             0             0             0             0             0 
   245    -0.0123101    -0.0239185             0     0.0116084             0             0             0             0             0             0 
   246  -0.000963567   -0.00152449             0   0.000560926             0             0             0             0             0             0 
   247     0.0185725    0.00781271             0     0.0107598             0             0             0             0             0             0 
   248     0.0285235   -0.00417413             0     0.0326977             0             0             0             0             0             0 
   255   -0.00172759   -0.00116058             0  -0.000567018             0             0             0             0             0             0 
   256  -0.000917693     0.0088926             0    -0.0098103             0             0             0             0             0             0 
   257    -0.0142762     0.0214827             0    -0.0357589             0             0             0             0             0             0 
   258    0.00101668    0.00108848             0   -7.1807e-05             0             0             0             0             0             0 
   259   -0.00579493   -0.00324714             0   -0.00254779             0             0             0             0             0             0 
   260    -0.0160351     -0.013865             0   -0.00217016             0             0             0             0             0             0 
   261    0.00300177     0.0032012             0  -0.000199431             0             0             0             0             0             0 
   262    -0.0144614   -0.00956116             0   -0.00490026             0             0             0             0             0             0 
   263     -0.018595     -0.032096             0      0.013501             0             0             0             0             0             0 
   264    0.00319538    0.00265975             0   0.000535632             0             0             0             0             0             0 
   265   -0.00429049   -0.00829682             0    0.00400633             0             0             0             0             0             0 
   266   -0.00532605    -0.0103186             0    0.00499253             0             0             0             0             0             0 
   267  -0.000970668   -0.00173289             0   0.000762223             0             0             0             0             0             0 
   268     0.0246934    0.00258281             0     0.0221106             0             0             0             0             0             0 
   269     0.0415995   -0.00246343             0     0.0440629             0             0             0             0             0             0 
   318  -0.000624247  -0.000454455             0  -0.000169792             0             0             0             0             0             0 
   319   -0.00334159     0.0137638             0    -0.0171054             0             0             0             0             0             0 
   320   -0.00305973    0.00342351             0   -0.00648324             0             0             0             0             0             0 
   321   0.000859227   0.000826342             0   3.28846e-05             0             0             0             0             0             0 
   322   -0.00538632   -0.00357263             0   -0.00181369             0             0             0             0             0             0 
   323   -0.00144787    0.00139851             0   -0.00284638             0             0             0             0             0             0 
   324    0.00320941     0.0031781             0   3.13075e-05             0             0             0             0             0             0 
   325   -0.00537429     -0.004675             0   -0.00069929             0             0             0             0             0             0 
   326   0.000316247   -0.00668986             0    0.00700611             0             0             0             0             0             0 
   327    0.00472826    0.00458212             0   0.000146143             0             0             0             0             0             0 
   328     -0.011509  -0.000951773             0    -0.0105572             0             0             0             0             0             0 
   329    0.00919097    -0.0109083             0     0.0200993             0             0             0             0             0             0 
   330    0.00219704    0.00208308             0   0.000113966             0             0             0             0             0             0 
   331   -0.00975958   -0.00281007             0   -0.00694951             0             0             0             0             0             0 
   332      0.013272   -0.00148056             0     0.0147526             0             0             0             0             0             0 
   339   0.000389005   0.000812822             0  -0.000423817             0             0             0             0             0             0 
   340     -0.013326     0.0468156             0    -0.0601416             0             0             0             0             0             0 
   341   -0.00486488    0.00444336             0   -0.00930825             0             0             0             0             0             0 
   342    0.00659344    0.00646315             0   0.000130294             0             0             0             0             0             0 
   343    -0.0208008    -0.0244071             0    0.00360631             0             0             0             0             0             0 
   344    0.00496738    0.00642336             0   -0.00145597             0             0             0             0             0             0 
   345    0.00414919    0.00395605             0   0.000193139             0             0             0             0             0             0 
   346  -0.000396501    -0.0350306             0     0.0346341             0             0             0             0             0             0 
   347    0.00396168    0.00450061             0  -0.000538931             0             0             0             0             0             0 
   348     0.0168429     0.0166276             0   0.000215349             0             0             0             0             0             0 
   349    -0.0186453    -0.0129136             0   -0.00573174             0             0             0             0             0             0 
   350    0.00460682    -0.0155347             0     0.0201415             0             0             0             0             0             0 
   351     0.0185623     0.0182736             0   0.000288691             0             0             0             0             0             0 
   352    -0.0320521    -0.0210056             0    -0.0110465             0             0             0             0             0             0 
   353     0.0273475   -0.00665065             0     0.0339982             0             0             0             0             0             0 
   360    0.00222007    0.00257115             0  -0.000351075             0             0             0             0             0             0 
   361   -0.00685068     0.0303452             0    -0.0371959             0             0             0             0             0             0 
   362   -0.00888242     0.0084566             0     -0.017339             0             0             0             0             0             0 
   363    0.00315113    0.00291766             0   0.000233469             0             0             0             0             0             0 
   364    -0.0034152    -0.0268201             0     0.0234049             0             0             0             0             0             0 
   365   0.000750629    0.00147496             0  -0.000724333             0             0             0             0             0             0 
   366   -0.00642549   -0.00652501             0   9.95207e-05             0             0             0             0             0             0 
   367     0.0181874      -0.03073             0     0.0489174             0             0             0             0             0             0 
   368   0.000825196    -0.0018746             0    0.00269979             0             0             0             0             0             0 
   369     0.0117401      0.011617             0   0.000123057             0             0             0             0             0             0 
   370   -0.00136036    -0.0113596             0    0.00999921             0             0             0             0             0             0 
   371   -0.00828034    -0.0231353             0     0.0148549             0             0             0             0             0             0 
   372    0.00178905    0.00139144             0   0.000397608             0             0             0             0             0             0 
   373    0.00976387    0.00287571             0    0.00688815             0             0             0             0             0             0 
   374     0.0253906    -0.0130064             0     0.0383971             0             0             0             0             0             0 
   381   4.11045e-05   0.000200813             0  -0.000159708             0             0             0             0             0             0 
   382   0.000131306    0.00333692             0   -0.00320561             0             0             0             0             0             0 
   383   -0.00724329    0.00828256             0    -0.0155259             0             0             0             0             0             0 
   384  -0.000854459  -0.000913958             0   5.94991e-05             0             0             0             0             0             0 
   385    0.00405945   -0.00274712             0    0.00680657             0             0             0             0             0             0 
   386   -0.00605406   -0.00614649             0   9.24307e-05             0             0             0             0             0             0 
   387   -0.00174533   -0.00165311             0   -9.2225e-05             0             0             0             0             0             0 
   388     0.0045262   -0.00150489             0    0.00603109             0             0             0             0             0             0 
   389   -0.00846606    -0.0164983             0    0.00803224             0             0             0             0             0             0 
   390   0.000127009  -1.29328e-05             0   0.000139941             0             0             0             0             0             0 
   391    0.00611289    0.00243617             0    0.00367672             0             0             0             0             0             0 
   392   -0.00448897    -0.0107509             0    0.00626192             0             0             0             0             0             0 
   393    -0.0168977    -0.0173203             0   0.000422527             0             0             0             0             0             0 
   394     0.0382351     0.0257124             0     0.0125227             0             0             0             0             0             0 
   395     0.0391139    0.00607798             0      0.033036             0             0             0             0             0             0 
   402  -0.000349491  -0.000139921             0  -0.000209571             0             0             0             0             0             0 
   403   0.000942498    0.00219992             0   -0.00125742             0             0             0             0             0             0 
   404   -0.00398218    0.00475827             0   -0.00874045             0             0             0             0             0             0 
   405   0.000242475    0.00026626             0  -2.37845e-05             0             0             0             0             0             0 
   406  -0.000116886  -0.000517838             0   0.000400952             0             0             0             0             0             0 
   407   -0.00428739   -0.00471637             0   0.000428976             0             0             0             0             0             0 
   408   0.000644497   0.000716988             0  -7.24907e-05             0             0             0             0             0             0 
   409   -0.00373302   -0.00150635             0   -0.00222667             0             0             0             0             0             0 
   410   -0.00777241    -0.0103386             0    0.00256615             0             0             0             0             0             0 
   411    0.00109217   0.000827141             0   0.000265027             0             0             0             0             0             0 
   412  -0.000852509   -0.00141848             0   0.000565968             0             0             0             0             0             0 
   413    0.00170761   -0.00222889             0     0.0039365             0             0             0             0             0             0 
   414   -0.00115954   -0.00156918             0   0.000409644             0             0             0             0             0             0 
   415     0.0141048    0.00385584             0      0.010249             0             0             0             0             0             0 
   416     0.0404398    0.00652849             0     0.0339113             0             0             0             0             0             0 
