#varID         total       dxdbVol      dxdbSurf          dSdb          dndb    dxdbDirect          dVdb      distance       options          dvdb
   171   -0.00255323   -0.00208225             0  -0.000470979             0             0             0             0             0             0 
   172    0.00317566     0.0128875             0   -0.00971184             0             0             0             0             0             0 
   173    -0.0249734     0.0454102             0    -0.0703836             0             0             0             0             0             0 
   174   0.000316656   0.000150782             0   0.000165874             0             0             0             0             0             0 
   175  -0.000651264  -0.000821533             0   0.000170269             0             0             0             0             0             0 
   176    -0.0197236    -0.0151025             0   -0.00462112             0             0             0             0             0             0 
   177    0.00693127    0.00681201             0    0.00011926             0             0             0             0             0             0 
   178    -0.0116784   -0.00145918             0    -0.0102192             0             0             0             0             0             0 
   179   -0.00697617    -0.0522461             0     0.0452699             0             0             0             0             0             0 
   180    0.00898985    0.00850866             0   0.000481196             0             0             0             0             0             0 
   181    -0.0187765    0.00571219             0    -0.0244887             0             0             0             0             0             0 
   182    0.00424481    -0.0618651             0     0.0661099             0             0             0             0             0             0 
   183    0.00175131    0.00152468             0   0.000226634             0             0             0             0             0             0 
   184     -0.010546  -0.000176506             0    -0.0103695             0             0             0             0             0             0 
   185     0.0107369    -0.0173574             0     0.0280944             0             0             0             0             0             0 
   192   -0.00440298   -0.00370277             0  -0.000700209             0             0             0             0             0             0 
   193  -0.000346541     0.0432145             0    -0.0435611             0             0             0             0             0             0 
   194     -0.024649     0.0635759             0     -0.088225             0             0             0             0             0             0 
   195  -0.000797155   -0.00103508             0   0.000237927             0             0             0             0             0             0 
   196   0.000406911    -0.0113164             0     0.0117233             0             0             0             0             0             0 
   197    -0.0261998    -0.0147607             0    -0.0114391             0             0             0             0             0             0 
   198     0.0117483     0.0115081             0   0.000240126             0             0             0             0             0             0 
   199  -4.02349e-05     -0.021384             0     0.0213437             0             0             0             0             0             0 
   200    -0.0258493    -0.0523181             0     0.0264688             0             0             0             0             0             0 
   201     0.0272758       0.02665             0   0.000625825             0             0             0             0             0             0 
   202     -0.019204  -0.000868188             0    -0.0183359             0             0             0             0             0             0 
   203    -0.0107098    -0.0713161             0     0.0606063             0             0             0             0             0             0 
   204     0.0143791     0.0140144             0   0.000364704             0             0             0             0             0             0 
   205    -0.0213129   -0.00926958             0    -0.0120434             0             0             0             0             0             0 
   206       0.01571    -0.0288406             0     0.0445506             0             0             0             0             0             0 
   213   -0.00314255   -0.00245972             0  -0.000682834             0             0             0             0             0             0 
   214   0.000612665     0.0291171             0    -0.0285044             0             0             0             0             0             0 
   215    -0.0260513      0.084833             0     -0.110884             0             0             0             0             0             0 
   216  -0.000334432  -0.000590637             0   0.000256205             0             0             0             0             0             0 
   217    0.00238356    -0.0191299             0     0.0215134             0             0             0             0             0             0 
   218    -0.0282554    -0.0186475             0   -0.00960784             0             0             0             0             0             0 
   219    0.00791706     0.0078307             0   8.63647e-05             0             0             0             0             0             0 
   220    0.00667682    -0.0253562             0     0.0320331             0             0             0             0             0             0 
   221    -0.0362344    -0.0641791             0     0.0279447             0             0             0             0             0             0 
   222     0.0298649     0.0292734             0   0.000591562             0             0             0             0             0             0 
   223   -0.00382307    -0.0111612             0    0.00733816             0             0             0             0             0             0 
   224    -0.0311269     -0.096423             0     0.0652961             0             0             0             0             0             0 
   225     0.0183665     0.0178856             0   0.000480901             0             0             0             0             0             0 
   226    0.00139049   -0.00599819             0    0.00738868             0             0             0             0             0             0 
   227    0.00838847    -0.0519693             0     0.0603578             0             0             0             0             0             0 
   234   -0.00187884   -0.00133783             0  -0.000541009             0             0             0             0             0             0 
   235    0.00151748    0.00734752             0   -0.00583004             0             0             0             0             0             0 
   236    -0.0181402     0.0660872             0    -0.0842274             0             0             0             0             0             0 
   237  -3.88674e-06   -3.8481e-06             0  -3.86398e-08             0             0             0             0             0             0 
   238    0.00213699    0.00054245             0    0.00159454             0             0             0             0             0             0 
   239    -0.0168532   -0.00782923             0   -0.00902396             0             0             0             0             0             0 
   240    0.00311377    0.00330261             0  -0.000188846             0             0             0             0             0             0 
   241   4.02454e-05  -0.000762477             0   0.000802723             0             0             0             0             0             0 
   242    -0.0219485    -0.0444831             0     0.0225345             0             0             0             0             0             0 
   243     0.0135747     0.0130461             0    0.00052858             0             0             0             0             0             0 
   244     0.0045334   -0.00420819             0    0.00874159             0             0             0             0             0             0 
   245     -0.023114    -0.0806745             0     0.0575606             0             0             0             0             0             0 
   246   0.000741403   0.000148375             0   0.000593027             0             0             0             0             0             0 
   247     0.0140787  -0.000305445             0     0.0143842             0             0             0             0             0             0 
   248     0.0298338    -0.0342512             0      0.064085             0             0             0             0             0             0 
   255   -0.00111884  -0.000491912             0  -0.000626929             0             0             0             0             0             0 
   256    0.00286487     0.0141491             0    -0.0112843             0             0             0             0             0             0 
   257   -0.00697251     0.0441576             0    -0.0511301             0             0             0             0             0             0 
   258   6.02466e-05   0.000276545             0  -0.000216298             0             0             0             0             0             0 
   259    0.00252008     0.0123213             0    -0.0098012             0             0             0             0             0             0 
   260   -0.00688066     0.0102488             0    -0.0171295             0             0             0             0             0             0 
   261   0.000631307   0.000909203             0  -0.000277896             0             0             0             0             0             0 
   262   -0.00134624    0.00936448             0    -0.0107107             0             0             0             0             0             0 
   263    -0.0109151   -0.00938208             0   -0.00153298             0             0             0             0             0             0 
   264    0.00269784    0.00198455             0   0.000713292             0             0             0             0             0             0 
   265      0.013599    -0.0061595             0     0.0197585             0             0             0             0             0             0 
   266   0.000415039    -0.0432313             0     0.0436463             0             0             0             0             0             0 
   267   -0.00442345   -0.00520758             0   0.000784127             0             0             0             0             0             0 
   268     0.0123432    -0.0194478             0     0.0317911             0             0             0             0             0             0 
   269     0.0545549    -0.0125125             0     0.0670673             0             0             0             0             0             0 
   318  -0.000695279  -0.000521797             0  -0.000173482             0             0             0             0             0             0 
   319   -0.00135465     0.0146578             0    -0.0160124             0             0             0             0             0             0 
   320   -0.00448223    0.00853644             0    -0.0130187             0             0             0             0             0             0 
   321   4.96527e-05   2.12416e-05             0   2.84112e-05             0             0             0             0             0             0 
   322   -0.00268831   -0.00109545             0   -0.00159286             0             0             0             0             0             0 
   323    -0.0024829  -0.000280217             0   -0.00220268             0             0             0             0             0             0 
   324    0.00314592     0.0031198             0   2.61189e-05             0             0             0             0             0             0 
   325   -0.00505256   -0.00290986             0    -0.0021427             0             0             0             0             0             0 
   326   -0.00144769   -0.00984684             0    0.00839915             0             0             0             0             0             0 
   327    0.00661378    0.00646016             0   0.000153613             0             0             0             0             0             0 
   328    -0.0164024   0.000112343             0    -0.0165147             0             0             0             0             0             0 
   329    0.00787473    -0.0196376             0     0.0275123             0             0             0             0             0             0 
   330    0.00280393    0.00270733             0   9.65992e-05             0             0             0             0             0             0 
   331     -0.015478   -0.00516303             0     -0.010315             0             0             0             0             0             0 
   332     0.0153149   -0.00371238             0     0.0190273             0             0             0             0             0             0 
   339  -0.000506565  -8.97573e-05             0  -0.000416808             0             0             0             0             0             0 
   340   -0.00646288     0.0505915             0    -0.0570544             0             0             0             0             0             0 
   341   -0.00484276     0.0127829             0    -0.0176256             0             0             0             0             0             0 
   342    0.00197402    0.00184784             0    0.00012618             0             0             0             0             0             0 
   343    -0.0103588    -0.0157806             0    0.00542189             0             0             0             0             0             0 
   344    0.00411683    0.00638474             0   -0.00226792             0             0             0             0             0             0 
   345     0.0061384    0.00592718             0   0.000211218             0             0             0             0             0             0 
   346   -0.00282543    -0.0337668             0     0.0309414             0             0             0             0             0             0 
   347  -0.000297927   0.000147651             0  -0.000445578             0             0             0             0             0             0 
   348     0.0272833     0.0269828             0   0.000300472             0             0             0             0             0             0 
   349      -0.03138    -0.0171817             0    -0.0141983             0             0             0             0             0             0 
   350    0.00965326    -0.0261951             0     0.0358483             0             0             0             0             0             0 
   351      0.023217     0.0229503             0   0.000266773             0             0             0             0             0             0 
   352    -0.0463072    -0.0303337             0    -0.0159734             0             0             0             0             0             0 
   353     0.0440552   -0.00470748             0     0.0487627             0             0             0             0             0             0 
   360     0.0012182    0.00156362             0  -0.000345426             0             0             0             0             0             0 
   361   -0.00114126      0.035228             0    -0.0363693             0             0             0             0             0             0 
   362   -0.00777651     0.0186297             0    -0.0264062             0             0             0             0             0             0 
   363    0.00136773    0.00115241             0   0.000215323             0             0             0             0             0             0 
   364  -0.000983845    -0.0257426             0     0.0247588             0             0             0             0             0             0 
   365   0.000162272    0.00354322             0   -0.00338094             0             0             0             0             0             0 
   366    0.00188507    0.00175779             0   0.000127275             0             0             0             0             0             0 
   367    0.00504207    -0.0405888             0     0.0456309             0             0             0             0             0             0 
   368   -0.00459814    -0.0023439             0   -0.00225424             0             0             0             0             0             0 
   369      0.024919     0.0246551             0   0.000263895             0             0             0             0             0             0 
   370   -0.00844296     -0.018516             0      0.010073             0             0             0             0             0             0 
   371   -0.00899051    -0.0483732             0     0.0393827             0             0             0             0             0             0 
   372    0.00208663    0.00174498             0   0.000341647             0             0             0             0             0             0 
   373    0.00625939   -0.00419334             0     0.0104527             0             0             0             0             0             0 
   374     0.0405358    -0.0244356             0     0.0649714             0             0             0             0             0             0 
   381   3.84627e-05   0.000201518             0  -0.000163055             0             0             0             0             0             0 
   382    0.00112872    0.00420269             0   -0.00307398             0             0             0             0             0             0 
   383   -0.00557623      0.016512             0    -0.0220882             0             0             0             0             0             0 
   384  -0.000430094  -0.000463757             0   3.36627e-05             0             0             0             0             0             0 
   385    0.00331393   -0.00288928             0    0.00620322             0             0             0             0             0             0 
   386   -0.00439256  -0.000697786             0   -0.00369477             0             0             0             0             0             0 
   387    0.00119592    0.00129233             0  -9.64134e-05             0             0             0             0             0             0 
   388    0.00209229   -0.00293177             0    0.00502405             0             0             0             0             0             0 
   389    -0.0105889    -0.0107438             0   0.000154963             0             0             0             0             0             0 
   390     0.0068472    0.00665269             0   0.000194512             0             0             0             0             0             0 
   391    0.00760456   0.000509912             0    0.00709465             0             0             0             0             0             0 
   392    -0.0103283    -0.0403797             0     0.0300514             0             0             0             0             0             0 
   393    -0.0196983    -0.0200642             0   0.000365931             0             0             0             0             0             0 
   394     0.0371032     0.0220701             0      0.015033             0             0             0             0             0             0 
   395     0.0400731    -0.0113564             0     0.0514296             0             0             0             0             0             0 
   402  -0.000202141   5.15332e-06             0  -0.000207294             0             0             0             0             0             0 
   403     0.0019411    0.00301766             0   -0.00107655             0             0             0             0             0             0 
   404   -0.00219868     0.0103153             0     -0.012514             0             0             0             0             0             0 
   405   0.000164587   0.000211764             0   -4.7177e-05             0             0             0             0             0             0 
   406    0.00223111    0.00404944             0   -0.00181833             0             0             0             0             0             0 
   407   -0.00171289    0.00200194             0   -0.00371483             0             0             0             0             0             0 
   408   0.000951634     0.0010509             0  -9.92691e-05             0             0             0             0             0             0 
   409  -0.000882063     0.0039056             0   -0.00478766             0             0             0             0             0             0 
   410   -0.00704639   -0.00360413             0   -0.00344226             0             0             0             0             0             0 
   411    0.00229743    0.00202328             0   0.000274148             0             0             0             0             0             0 
   412    0.00370273   -0.00169901             0    0.00540175             0             0             0             0             0             0 
   413   0.000554652    -0.0206352             0     0.0211899             0             0             0             0             0             0 
   414   -0.00508795   -0.00547114             0   0.000383188             0             0             0             0             0             0 
   415     0.0113337   -0.00254952             0     0.0138832             0             0             0             0             0             0 
   416     0.0379424    -0.0050441             0     0.0429865             0             0             0             0             0             0 
