#varID         total       dxdbVol      dxdbSurf          dSdb          dndb    dxdbDirect          dVdb      distance       options          dvdb
   171   -0.00240338   -0.00194217             0   -0.00046121             0             0             0             0             0             0 
   172    0.00267985      0.012508             0   -0.00982818             0             0             0             0             0             0 
   173    -0.0232919     0.0427964             0    -0.0660883             0             0             0             0             0             0 
   174   0.000554471    0.00038561             0   0.000168861             0             0             0             0             0             0 
   175   -0.00112684   -0.00134292             0   0.000216079             0             0             0             0             0             0 
   176    -0.0177347     -0.012994             0   -0.00474071             0             0             0             0             0             0 
   177    0.00688877     0.0067716             0   0.000117177             0             0             0             0             0             0 
   178    -0.0119715   -0.00217089             0   -0.00980063             0             0             0             0             0             0 
   179   -0.00408956    -0.0472886             0     0.0431991             0             0             0             0             0             0 
   180     0.0082191    0.00774678             0   0.000472312             0             0             0             0             0             0 
   181    -0.0173475    0.00561737             0    -0.0229649             0             0             0             0             0             0 
   182     0.0028014    -0.0600313             0     0.0628326             0             0             0             0             0             0 
   183    0.00166561     0.0014378             0   0.000227815             0             0             0             0             0             0 
   184   -0.00890692   0.000741787             0    -0.0096487             0             0             0             0             0             0 
   185    0.00812658    -0.0188451             0     0.0269717             0             0             0             0             0             0 
   192   -0.00402772   -0.00333582             0  -0.000691899             0             0             0             0             0             0 
   193   -0.00190588     0.0424644             0    -0.0443703             0             0             0             0             0             0 
   194    -0.0240966     0.0595311             0    -0.0836276             0             0             0             0             0             0 
   195   0.000415974   0.000170236             0   0.000245738             0             0             0             0             0             0 
   196   -0.00192068    -0.0135321             0     0.0116115             0             0             0             0             0             0 
   197     -0.023963    -0.0131712             0    -0.0107918             0             0             0             0             0             0 
   198     0.0108252     0.0105987             0   0.000226515             0             0             0             0             0             0 
   199   0.000496594    -0.0218672             0     0.0223638             0             0             0             0             0             0 
   200    -0.0215551    -0.0463804             0     0.0248252             0             0             0             0             0             0 
   201     0.0242901     0.0237014             0   0.000588683             0             0             0             0             0             0 
   202     -0.015682   0.000815991             0     -0.016498             0             0             0             0             0             0 
   203    -0.0114009    -0.0672309             0       0.05583             0             0             0             0             0             0 
   204     0.0138961      0.013534             0     0.0003621             0             0             0             0             0             0 
   205    -0.0184447   -0.00732446             0    -0.0111202             0             0             0             0             0             0 
   206     0.0117697    -0.0302642             0     0.0420339             0             0             0             0             0             0 
   213   -0.00261627   -0.00194034             0  -0.000675926             0             0             0             0             0             0 
   214   -0.00119275     0.0276996             0    -0.0288923             0             0             0             0             0             0 
   215    -0.0269572     0.0801143             0     -0.107072             0             0             0             0             0             0 
   216   0.000292013    2.1052e-05             0   0.000270961             0             0             0             0             0             0 
   217    0.00208823    -0.0194165             0     0.0215047             0             0             0             0             0             0 
   218     -0.026893    -0.0192333             0   -0.00765965             0             0             0             0             0             0 
   219    0.00587412    0.00580863             0   6.54923e-05             0             0             0             0             0             0 
   220     0.0101287    -0.0225172             0     0.0326459             0             0             0             0             0             0 
   221     -0.032134    -0.0611488             0     0.0290148             0             0             0             0             0             0 
   222      0.026861     0.0263329             0   0.000528133             0             0             0             0             0             0 
   223   -0.00222448    -0.0095873             0    0.00736282             0             0             0             0             0             0 
   224    -0.0306844    -0.0898959             0     0.0592115             0             0             0             0             0             0 
   225     0.0175169     0.0170368             0   0.000480147             0             0             0             0             0             0 
   226    0.00152421   -0.00531438             0    0.00683859             0             0             0             0             0             0 
   227    0.00582133    -0.0503182             0     0.0561395             0             0             0             0             0             0 
   234    -0.0017075   -0.00116741             0  -0.000540091             0             0             0             0             0             0 
   235    0.00143094     0.0075099             0   -0.00607896             0             0             0             0             0             0 
   236    -0.0183805     0.0639918             0    -0.0823722             0             0             0             0             0             0 
   237  -0.000257888  -0.000271102             0   1.32143e-05             0             0             0             0             0             0 
   238    0.00344037    0.00167834             0    0.00176202             0             0             0             0             0             0 
   239    -0.0151484    -0.0082138             0   -0.00693464             0             0             0             0             0             0 
   240    0.00218872    0.00239457             0  -0.000205855             0             0             0             0             0             0 
   241    0.00147693    0.00091604             0   0.000560892             0             0             0             0             0             0 
   242    -0.0173597    -0.0419811             0     0.0246214             0             0             0             0             0             0 
   243     0.0124044     0.0119171             0   0.000487293             0             0             0             0             0             0 
   244    0.00262006   -0.00471483             0    0.00733489             0             0             0             0             0             0 
   245    -0.0219508    -0.0730916             0     0.0511409             0             0             0             0             0             0 
   246    0.00109142   0.000474106             0   0.000617318             0             0             0             0             0             0 
   247     0.0117387   -0.00174181             0     0.0134805             0             0             0             0             0             0 
   248     0.0275314    -0.0344937             0     0.0620251             0             0             0             0             0             0 
   255   -0.00122153  -0.000590279             0  -0.000631246             0             0             0             0             0             0 
   256    0.00363474     0.0152539             0    -0.0116191             0             0             0             0             0             0 
   257   -0.00625453     0.0441799             0    -0.0504345             0             0             0             0             0             0 
   258  -0.000651618  -0.000443155             0  -0.000208463             0             0             0             0             0             0 
   259    0.00640168     0.0155395             0   -0.00913778             0             0             0             0             0             0 
   260   -0.00430112     0.0111702             0    -0.0154714             0             0             0             0             0             0 
   261   -0.00174096   -0.00144662             0  -0.000294339             0             0             0             0             0             0 
   262    0.00378061     0.0150018             0    -0.0112212             0             0             0             0             0             0 
   263   -0.00395788   -0.00313319             0  -0.000824691             0             0             0             0             0             0 
   264    0.00228553    0.00158886             0   0.000696668             0             0             0             0             0             0 
   265    0.00759644    -0.0100997             0     0.0176961             0             0             0             0             0             0 
   266   -0.00144096    -0.0397488             0     0.0383078             0             0             0             0             0             0 
   267   -0.00200047   -0.00283206             0   0.000831587             0             0             0             0             0             0 
   268    0.00267101    -0.0297031             0     0.0323742             0             0             0             0             0             0 
   269     0.0473331     -0.021299             0     0.0686321             0             0             0             0             0             0 
   318  -0.000647192  -0.000474171             0  -0.000173021             0             0             0             0             0             0 
   319   -0.00167346     0.0144972             0    -0.0161707             0             0             0             0             0             0 
   320   -0.00418202     0.0079613             0    -0.0121433             0             0             0             0             0             0 
   321   0.000275847   0.000246426             0   2.94213e-05             0             0             0             0             0             0 
   322   -0.00319794   -0.00153479             0   -0.00166314             0             0             0             0             0             0 
   323   -0.00223416  -5.20928e-05             0   -0.00218207             0             0             0             0             0             0 
   324    0.00314247    0.00311544             0   2.70288e-05             0             0             0             0             0             0 
   325   -0.00519389   -0.00330234             0   -0.00189155             0             0             0             0             0             0 
   326  -0.000676195   -0.00895467             0    0.00827848             0             0             0             0             0             0 
   327    0.00591034    0.00575668             0   0.000153661             0             0             0             0             0             0 
   328    -0.0147906   0.000763001             0    -0.0155536             0             0             0             0             0             0 
   329     0.0068598    -0.0196885             0     0.0265483             0             0             0             0             0             0 
   330    0.00254006    0.00243996             0   0.000100102             0             0             0             0             0             0 
   331    -0.0137212   -0.00395124             0   -0.00976996             0             0             0             0             0             0 
   332     0.0133625   -0.00509301             0     0.0184555             0             0             0             0             0             0 
   339  -0.000282894   0.000134979             0  -0.000417873             0             0             0             0             0             0 
   340   -0.00808311     0.0495721             0    -0.0576552             0             0             0             0             0             0 
   341   -0.00482565     0.0118046             0    -0.0166303             0             0             0             0             0             0 
   342    0.00329656    0.00316866             0   0.000127909             0             0             0             0             0             0 
   343    -0.0126869    -0.0177792             0    0.00509222             0             0             0             0             0             0 
   344    0.00402943    0.00599525             0   -0.00196582             0             0             0             0             0             0 
   345    0.00586358    0.00565684             0   0.000206743             0             0             0             0             0             0 
   346   -0.00191604    -0.0335984             0     0.0316824             0             0             0             0             0             0 
   347   0.000785468    0.00115664             0  -0.000371171             0             0             0             0             0             0 
   348     0.0246835     0.0243962             0   0.000287339             0             0             0             0             0             0 
   349    -0.0271986      -0.01449             0    -0.0127086             0             0             0             0             0             0 
   350    0.00749043    -0.0262186             0      0.033709             0             0             0             0             0             0 
   351     0.0224805     0.0222073             0    0.00027313             0             0             0             0             0             0 
   352    -0.0420961    -0.0271647             0    -0.0149314             0             0             0             0             0             0 
   353     0.0378698   -0.00863751             0     0.0465073             0             0             0             0             0             0 
   360    0.00158808    0.00193519             0  -0.000347116             0             0             0             0             0             0 
   361   -0.00361453     0.0330126             0    -0.0366272             0             0             0             0             0             0 
   362      -0.00786     0.0177352             0    -0.0255952             0             0             0             0             0             0 
   363    0.00164729    0.00142903             0   0.000218263             0             0             0             0             0             0 
   364   -0.00126414    -0.0258703             0     0.0246061             0             0             0             0             0             0 
   365   0.000480341    0.00325796             0   -0.00277762             0             0             0             0             0             0 
   366  -0.000615826  -0.000733229             0   0.000117404             0             0             0             0             0             0 
   367     0.0100561    -0.0362015             0     0.0462576             0             0             0             0             0             0 
   368   -0.00353423   -0.00215757             0   -0.00137667             0             0             0             0             0             0 
   369     0.0225291     0.0222883             0   0.000240833             0             0             0             0             0             0 
   370   -0.00639688    -0.0164865             0     0.0100897             0             0             0             0             0             0 
   371    -0.0100844    -0.0462159             0     0.0361315             0             0             0             0             0             0 
   372    0.00282084    0.00246038             0   0.000360465             0             0             0             0             0             0 
   373    0.00628226   -0.00346147             0    0.00974372             0             0             0             0             0             0 
   374     0.0358842    -0.0251762             0     0.0610604             0             0             0             0             0             0 
   381   0.000147699   0.000312631             0  -0.000164932             0             0             0             0             0             0 
   382   0.000902756    0.00405344             0   -0.00315068             0             0             0             0             0             0 
   383    -0.0055141     0.0162121             0    -0.0217262             0             0             0             0             0             0 
   384  -0.000781427  -0.000817364             0   3.59367e-05             0             0             0             0             0             0 
   385    0.00436427    -0.0018999             0    0.00626417             0             0             0             0             0             0 
   386   -0.00356562  -0.000476501             0   -0.00308912             0             0             0             0             0             0 
   387   0.000318904   0.000422826             0  -0.000103922             0             0             0             0             0             0 
   388    0.00379487   -0.00113496             0    0.00492983             0             0             0             0             0             0 
   389   -0.00878233    -0.0098716             0    0.00108927             0             0             0             0             0             0 
   390    0.00611469     0.0059279             0   0.000186787             0             0             0             0             0             0 
   391    0.00655001    0.00036648             0    0.00618353             0             0             0             0             0             0 
   392    -0.0104575    -0.0374074             0     0.0269499             0             0             0             0             0             0 
   393    -0.0186597    -0.0190541             0   0.000394334             0             0             0             0             0             0 
   394     0.0352821     0.0211876             0     0.0140946             0             0             0             0             0             0 
   395      0.038776    -0.0117876             0     0.0505637             0             0             0             0             0             0 
   402  -0.000173061   3.76467e-05             0  -0.000210707             0             0             0             0             0             0 
   403    0.00235111    0.00355143             0   -0.00120032             0             0             0             0             0             0 
   404   -0.00179568     0.0106067             0    -0.0124024             0             0             0             0             0             0 
   405   4.33836e-05   9.04955e-05             0  -4.71119e-05             0             0             0             0             0             0 
   406    0.00325693    0.00483587             0   -0.00157894             0             0             0             0             0             0 
   407  -0.000169954     0.0030168             0   -0.00318675             0             0             0             0             0             0 
   408   0.000339025   0.000443587             0  -0.000104562             0             0             0             0             0             0 
   409   0.000711788    0.00552886             0   -0.00481707             0             0             0             0             0             0 
   410    -0.0037809  -0.000683157             0   -0.00309774             0             0             0             0             0             0 
   411    0.00174196    0.00146389             0   0.000278074             0             0             0             0             0             0 
   412   0.000951279   -0.00386555             0    0.00481682             0             0             0             0             0             0 
   413   -0.00152622    -0.0207174             0     0.0191912             0             0             0             0             0             0 
   414   -0.00497108   -0.00538172             0   0.000410634             0             0             0             0             0             0 
   415    0.00832791   -0.00585006             0      0.014178             0             0             0             0             0             0 
   416     0.0346627     -0.010312             0     0.0449747             0             0             0             0             0             0 
