#varID         total       dxdbVol      dxdbSurf          dSdb          dndb    dxdbDirect          dVdb      distance       options          dvdb
   171   -0.00315489   -0.00267745             0  -0.000477432             0             0             0             0             0             0 
   172    0.00359726     0.0132085             0   -0.00961124             0             0             0             0             0             0 
   173    -0.0270876     0.0463078             0    -0.0733954             0             0             0             0             0             0 
   174   5.65227e-05  -0.000107317             0    0.00016384             0             0             0             0             0             0 
   175  -0.000230745  -0.000369018             0   0.000138273             0             0             0             0             0             0 
   176    -0.0223636    -0.0177292             0   -0.00463444             0             0             0             0             0             0 
   177    0.00710805    0.00698652             0   0.000121535             0             0             0             0             0             0 
   178    -0.0111947  -0.000668285             0    -0.0105265             0             0             0             0             0             0 
   179    -0.0106389    -0.0575245             0     0.0468856             0             0             0             0             0             0 
   180    0.00973029    0.00924404             0   0.000486242             0             0             0             0             0             0 
   181    -0.0199728    0.00550345             0    -0.0254762             0             0             0             0             0             0 
   182    0.00734211     -0.061042             0     0.0683841             0             0             0             0             0             0 
   183    0.00188713    0.00166197             0   0.000225162             0             0             0             0             0             0 
   184    -0.0122743   -0.00145902             0    -0.0108153             0             0             0             0             0             0 
   185     0.0144734    -0.0143045             0     0.0287779             0             0             0             0             0             0 
   192   -0.00545616   -0.00475045             0  -0.000705708             0             0             0             0             0             0 
   193    0.00101802     0.0438856             0    -0.0428676             0             0             0             0             0             0 
   194    -0.0268024      0.064649             0    -0.0914514             0             0             0             0             0             0 
   195   -0.00183053   -0.00206305             0   0.000232514             0             0             0             0             0             0 
   196    0.00242135   -0.00931617             0     0.0117375             0             0             0             0             0             0 
   197    -0.0296342    -0.0176794             0    -0.0119548             0             0             0             0             0             0 
   198     0.0122585     0.0120072             0   0.000251366             0             0             0             0             0             0 
   199  -0.000320592    -0.0208532             0     0.0205326             0             0             0             0             0             0 
   200    -0.0301217    -0.0582028             0     0.0280811             0             0             0             0             0             0 
   201     0.0295216     0.0288721             0   0.000649468             0             0             0             0             0             0 
   202    -0.0222544   -0.00278451             0    -0.0194699             0             0             0             0             0             0 
   203   -0.00892489    -0.0729414             0     0.0640165             0             0             0             0             0             0 
   204      0.014968     0.0146031             0   0.000364885             0             0             0             0             0             0 
   205    -0.0242507    -0.0116843             0    -0.0125664             0             0             0             0             0             0 
   206     0.0195998    -0.0264792             0      0.046079             0             0             0             0             0             0 
   213   -0.00454138   -0.00385348             0    -0.0006879             0             0             0             0             0             0 
   214    0.00204334     0.0301791             0    -0.0281358             0             0             0             0             0             0 
   215    -0.0283894     0.0851778             0     -0.113567             0             0             0             0             0             0 
   216  -0.000754953    -0.0010013             0   0.000246346             0             0             0             0             0             0 
   217    0.00295971    -0.0184461             0     0.0214058             0             0             0             0             0             0 
   218    -0.0327542    -0.0217069             0    -0.0110473             0             0             0             0             0             0 
   219     0.0104646     0.0103597             0   0.000104865             0             0             0             0             0             0 
   220    0.00419027    -0.0272976             0     0.0314879             0             0             0             0             0             0 
   221    -0.0420171    -0.0699706             0     0.0279535             0             0             0             0             0             0 
   222     0.0328469     0.0322126             0   0.000634306             0             0             0             0             0             0 
   223   -0.00510987    -0.0124311             0     0.0073212             0             0             0             0             0             0 
   224    -0.0295243    -0.0992612             0     0.0697369             0             0             0             0             0             0 
   225     0.0181681     0.0176896             0   0.000478566             0             0             0             0             0             0 
   226    0.00303822   -0.00469762             0    0.00773584             0             0             0             0             0             0 
   227     0.0133909    -0.0495393             0     0.0629302             0             0             0             0             0             0 
   234    -0.0029975   -0.00245543             0  -0.000542067             0             0             0             0             0             0 
   235    0.00168231    0.00732394             0   -0.00564163             0             0             0             0             0             0 
   236    -0.0205209     0.0650406             0    -0.0855615             0             0             0             0             0             0 
   237  -0.000268372  -0.000258994             0  -9.37755e-06             0             0             0             0             0             0 
   238    0.00269098     0.0012287             0    0.00146229             0             0             0             0             0             0 
   239    -0.0200999   -0.00948314             0    -0.0106168             0             0             0             0             0             0 
   240    0.00446996    0.00464554             0  -0.000175572             0             0             0             0             0             0 
   241   -0.00066453   -0.00149359             0   0.000829056             0             0             0             0             0             0 
   242    -0.0271208    -0.0486078             0      0.021487             0             0             0             0             0             0 
   243     0.0154122     0.0148561             0    0.00055611             0             0             0             0             0             0 
   244    0.00181991   -0.00758329             0     0.0094032             0             0             0             0             0             0 
   245    -0.0216089    -0.0834399             0      0.061831             0             0             0             0             0             0 
   246    0.00100875   0.000432226             0   0.000576519             0             0             0             0             0             0 
   247     0.0225398    0.00773071             0      0.014809             0             0             0             0             0             0 
   248      0.032828     -0.032618             0      0.065446             0             0             0             0             0             0 
   255   -0.00190863   -0.00128428             0  -0.000624347             0             0             0             0             0             0 
   256    0.00190494     0.0129258             0    -0.0110208             0             0             0             0             0             0 
   257   -0.00985238     0.0417831             0    -0.0516354             0             0             0             0             0             0 
   258  -0.000818661  -0.000595663             0  -0.000222998             0             0             0             0             0             0 
   259    0.00382888     0.0140844             0    -0.0102555             0             0             0             0             0             0 
   260    -0.0108519    0.00757546             0    -0.0184274             0             0             0             0             0             0 
   261   0.000610234   0.000881222             0  -0.000270988             0             0             0             0             0             0 
   262   -0.00502728    0.00572452             0    -0.0107518             0             0             0             0             0             0 
   263     -0.018596    -0.0163589             0   -0.00223715             0             0             0             0             0             0 
   264    0.00324039    0.00251889             0   0.000721492             0             0             0             0             0             0 
   265   -0.00083412    -0.0216209             0     0.0207868             0             0             0             0             0             0 
   266    0.00197849    -0.0448673             0     0.0468458             0             0             0             0             0             0 
   267   -0.00428761   -0.00504582             0   0.000758205             0             0             0             0             0             0 
   268     0.0218008    -0.0100539             0     0.0318548             0             0             0             0             0             0 
   269     0.0531507    -0.0135393             0       0.06669             0             0             0             0             0             0 
   318   -0.00084524  -0.000671643             0  -0.000173597             0             0             0             0             0             0 
   319    -0.0011289     0.0147233             0    -0.0158522             0             0             0             0             0             0 
   320   -0.00489142    0.00873917             0    -0.0136306             0             0             0             0             0             0 
   321  -0.000143148  -0.000170856             0   2.77088e-05             0             0             0             0             0             0 
   322   -0.00234099  -0.000801961             0   -0.00153903             0             0             0             0             0             0 
   323   -0.00281777  -0.000585397             0   -0.00223237             0             0             0             0             0             0 
   324    0.00318266     0.0031571             0   2.55624e-05             0             0             0             0             0             0 
   325   -0.00489706   -0.00256903             0   -0.00232803             0             0             0             0             0             0 
   326   -0.00226923    -0.0107961             0    0.00852686             0             0             0             0             0             0 
   327    0.00722595    0.00707289             0   0.000153055             0             0             0             0             0             0 
   328    -0.0178282  -0.000705975             0    -0.0171222             0             0             0             0             0             0 
   329    0.00947331    -0.0186658             0     0.0281391             0             0             0             0             0             0 
   330    0.00310335     0.0030095             0   9.38512e-05             0             0             0             0             0             0 
   331    -0.0172053   -0.00656424             0     -0.010641             0             0             0             0             0             0 
   332     0.0174904   -0.00186425             0     0.0193547             0             0             0             0             0             0 
   339  -0.000887886  -0.000472121             0  -0.000415765             0             0             0             0             0             0 
   340    -0.0052788     0.0511563             0    -0.0564351             0             0             0             0             0             0 
   341   -0.00526995     0.0130553             0    -0.0183252             0             0             0             0             0             0 
   342   0.000962642   0.000837958             0   0.000124684             0             0             0             0             0             0 
   343   -0.00872252    -0.0143403             0    0.00561774             0             0             0             0             0             0 
   344    0.00387735    0.00636769             0   -0.00249035             0             0             0             0             0             0 
   345    0.00631418    0.00609967             0   0.000214512             0             0             0             0             0             0 
   346   -0.00359311    -0.0339038             0     0.0303107             0             0             0             0             0             0 
   347   -0.00133967  -0.000990193             0  -0.000349482             0             0             0             0             0             0 
   348     0.0295155     0.0292072             0    0.00030824             0             0             0             0             0             0 
   349    -0.0352466    -0.0201457             0    -0.0151009             0             0             0             0             0             0 
   350     0.0116861    -0.0255813             0     0.0372674             0             0             0             0             0             0 
   351     0.0240505     0.0237896             0   0.000260854             0             0             0             0             0             0 
   352    -0.0507569    -0.0342062             0    -0.0165507             0             0             0             0             0             0 
   353     0.0496489  -0.000444177             0     0.0500931             0             0             0             0             0             0 
   360   0.000733871    0.00107821             0  -0.000344336             0             0             0             0             0             0 
   361   0.000660448     0.0367029             0    -0.0360424             0             0             0             0             0             0 
   362   -0.00845943      0.018514             0    -0.0269734             0             0             0             0             0             0 
   363     0.0011937   0.000980369             0   0.000213328             0             0             0             0             0             0 
   364  -0.000597428    -0.0253482             0     0.0247508             0             0             0             0             0             0 
   365  -0.000934966    0.00287664             0   -0.00381161             0             0             0             0             0             0 
   366    0.00417179    0.00403629             0   0.000135497             0             0             0             0             0             0 
   367    0.00141175    -0.0436307             0     0.0450425             0             0             0             0             0             0 
   368   -0.00646636    -0.0038561             0   -0.00261026             0             0             0             0             0             0 
   369     0.0269517     0.0266726             0   0.000279052             0             0             0             0             0             0 
   370   -0.00988275    -0.0199363             0     0.0100536             0             0             0             0             0             0 
   371   -0.00753859    -0.0491151             0     0.0415765             0             0             0             0             0             0 
   372  -0.000950337   -0.00127671             0   0.000326372             0             0             0             0             0             0 
   373    0.00792631   -0.00295537             0     0.0108817             0             0             0             0             0             0 
   374     0.0484064    -0.0188677             0     0.0672741             0             0             0             0             0             0 
   381  -0.000253241  -9.13592e-05             0  -0.000161882             0             0             0             0             0             0 
   382    0.00135643    0.00435961             0   -0.00300318             0             0             0             0             0             0 
   383   -0.00614247     0.0161946             0    -0.0223371             0             0             0             0             0             0 
   384  -0.000278729  -0.000310855             0   3.21261e-05             0             0             0             0             0             0 
   385    0.00305247   -0.00308457             0    0.00613703             0             0             0             0             0             0 
   386   -0.00509728  -0.000964985             0    -0.0041323             0             0             0             0             0             0 
   387    0.00217215     0.0022628             0  -9.06539e-05             0             0             0             0             0             0 
   388    0.00125673   -0.00376325             0    0.00501998             0             0             0             0             0             0 
   389    -0.0122727    -0.0119127             0  -0.000359955             0             0             0             0             0             0 
   390     0.0074092    0.00720937             0   0.000199833             0             0             0             0             0             0 
   391    0.00794937   0.000405916             0    0.00754345             0             0             0             0             0             0 
   392    -0.0100501    -0.0421061             0      0.032056             0             0             0             0             0             0 
   393     -0.023073    -0.0234195             0    0.00034653             0             0             0             0             0             0 
   394     0.0421857     0.0267177             0      0.015468             0             0             0             0             0             0 
   395     0.0460353   -0.00601658             0     0.0520519             0             0             0             0             0             0 
   402  -0.000389858  -0.000184768             0   -0.00020509             0             0             0             0             0             0 
   403    0.00161346    0.00259159             0  -0.000978132             0             0             0             0             0             0 
   404   -0.00273345    0.00984751             0     -0.012581             0             0             0             0             0             0 
   405  -4.17748e-05   5.80869e-06             0  -4.75834e-05             0             0             0             0             0             0 
   406    0.00233123    0.00430718             0   -0.00197595             0             0             0             0             0             0 
   407   -0.00205552    0.00204251             0   -0.00409803             0             0             0             0             0             0 
   408    0.00100733    0.00110424             0  -9.69086e-05             0             0             0             0             0             0 
   409   -0.00174843    0.00314576             0    -0.0048942             0             0             0             0             0             0 
   410   -0.00839232   -0.00464327             0   -0.00374905             0             0             0             0             0             0 
   411    0.00225315    0.00198237             0   0.000270781             0             0             0             0             0             0 
   412    0.00126762   -0.00440061             0    0.00566824             0             0             0             0             0             0 
   413   0.000182536    -0.0222842             0     0.0224667             0             0             0             0             0             0 
   414   -0.00694003   -0.00730733             0   0.000367295             0             0             0             0             0             0 
   415     0.0144994   0.000648059             0     0.0138514             0             0             0             0             0             0 
   416     0.0406408   -0.00166563             0     0.0423065             0             0             0             0             0             0 
