#varID         total       dxdbVol      dxdbSurf          dSdb          dndb    dxdbDirect          dVdb      distance       options          dvdb
   171   -0.00313895   -0.00272307             0   -0.00041588             0             0             0             0             0             0 
   172     0.0011921     0.0125513             0    -0.0113592             0             0             0             0             0             0 
   173    -0.0190977     0.0278084             0    -0.0469061             0             0             0             0             0             0 
   174    0.00033679   0.000164162             0   0.000172628             0             0             0             0             0             0 
   175   -0.00173012   -0.00243427             0    0.00070415             0             0             0             0             0             0 
   176    -0.0159127   -0.00739262             0   -0.00852007             0             0             0             0             0             0 
   177    0.00747685    0.00736874             0   0.000108107             0             0             0             0             0             0 
   178    -0.0109168   -0.00300455             0    -0.0079122             0             0             0             0             0             0 
   179   -0.00660301    -0.0393217             0     0.0327187             0             0             0             0             0             0 
   180    0.00763159    0.00720368             0   0.000427909             0             0             0             0             0             0 
   181    -0.0148759    0.00194492             0    -0.0168208             0             0             0             0             0             0 
   182    0.00813105    -0.0397207             0     0.0478517             0             0             0             0             0             0 
   183    0.00124969    0.00102093             0   0.000228768             0             0             0             0             0             0 
   184   -0.00648061    0.00026742             0   -0.00674803             0             0             0             0             0             0 
   185     0.0125767   -0.00912862             0     0.0217053             0             0             0             0             0             0 
   192   -0.00436459   -0.00371678             0  -0.000647808             0             0             0             0             0             0 
   193   -0.00480824      0.043611             0    -0.0484192             0             0             0             0             0             0 
   194    -0.0244358     0.0367908             0    -0.0612267             0             0             0             0             0             0 
   195     0.0011935   0.000930925             0   0.000262574             0             0             0             0             0             0 
   196   -0.00511227    -0.0166367             0     0.0115245             0             0             0             0             0             0 
   197    -0.0226082    -0.0103242             0     -0.012284             0             0             0             0             0             0 
   198    0.00731469    0.00713182             0   0.000182872             0             0             0             0             0             0 
   199    0.00298163    -0.0236671             0     0.0266487             0             0             0             0             0             0 
   200    -0.0189066    -0.0348675             0     0.0159609             0             0             0             0             0             0 
   201     0.0174858     0.0170486             0   0.000437164             0             0             0             0             0             0 
   202    -0.0109853   -0.00196923             0   -0.00901606             0             0             0             0             0             0 
   203    -0.0103584    -0.0443384             0       0.03398             0             0             0             0             0             0 
   204     0.0113212     0.0109751             0   0.000346156             0             0             0             0             0             0 
   205    -0.0144568   -0.00654453             0   -0.00791229             0             0             0             0             0             0 
   206     0.0103065    -0.0202155             0      0.030522             0             0             0             0             0             0 
   213   -0.00316033   -0.00253961             0  -0.000620723             0             0             0             0             0             0 
   214   -0.00303419     0.0274437             0    -0.0304779             0             0             0             0             0             0 
   215     -0.033503     0.0503604             0    -0.0838634             0             0             0             0             0             0 
   216    0.00102914   0.000710587             0   0.000318553             0             0             0             0             0             0 
   217     0.0018388    -0.0197836             0     0.0216224             0             0             0             0             0             0 
   218    -0.0316244    -0.0278563             0   -0.00376807             0             0             0             0             0             0 
   219   0.000715951   0.000697852             0   1.80987e-05             0             0             0             0             0             0 
   220     0.0156063    -0.0204905             0     0.0360969             0             0             0             0             0             0 
   221    -0.0291837    -0.0598541             0     0.0306704             0             0             0             0             0             0 
   222     0.0155391     0.0152605             0   0.000278615             0             0             0             0             0             0 
   223    0.00109433   -0.00719966             0    0.00829399             0             0             0             0             0             0 
   224     -0.023914    -0.0534421             0     0.0295281             0             0             0             0             0             0 
   225     0.0115308     0.0110918             0   0.000438933             0             0             0             0             0             0 
   226    0.00456463  -0.000995139             0    0.00555977             0             0             0             0             0             0 
   227    0.00674687     -0.028207             0     0.0349538             0             0             0             0             0             0 
   234   -0.00282304   -0.00233418             0  -0.000488861             0             0             0             0             0             0 
   235   9.07375e-05    0.00629725             0   -0.00620651             0             0             0             0             0             0 
   236    -0.0277301     0.0378866             0    -0.0656167             0             0             0             0             0             0 
   237   0.000855768   0.000766725             0   8.90432e-05             0             0             0             0             0             0 
   238    0.00123893   -0.00224307             0    0.00348199             0             0             0             0             0             0 
   239    -0.0271745     -0.028682             0     0.0015075             0             0             0             0             0             0 
   240     0.0027329     0.0029264             0  -0.000193507             0             0             0             0             0             0 
   241   -0.00121536    -0.0043872             0    0.00317184             0             0             0             0             0             0 
   242    -0.0254672    -0.0610977             0     0.0356305             0             0             0             0             0             0 
   243    0.00610872    0.00579718             0   0.000311541             0             0             0             0             0             0 
   244   0.000204946   -0.00422664             0    0.00443158             0             0             0             0             0             0 
   245    -0.0159981    -0.0364427             0     0.0204446             0             0             0             0             0             0 
   246   -0.00084747   -0.00143996             0   0.000592489             0             0             0             0             0             0 
   247     0.0209656    0.00930855             0     0.0116571             0             0             0             0             0             0 
   248     0.0344673   -0.00595972             0      0.040427             0             0             0             0             0             0 
   255   -0.00189566   -0.00130773             0  -0.000587926             0             0             0             0             0             0 
   256   -0.00120496    0.00942893             0    -0.0106339             0             0             0             0             0             0 
   257    -0.0155508      0.024517             0    -0.0400678             0             0             0             0             0             0 
   258    0.00113917    0.00124674             0  -0.000107574             0             0             0             0             0             0 
   259   -0.00665754   -0.00233497             0   -0.00432257             0             0             0             0             0             0 
   260    -0.0185374    -0.0132328             0   -0.00530458             0             0             0             0             0             0 
   261    0.00360512    0.00383546             0  -0.000230342             0             0             0             0             0             0 
   262    -0.0170591    -0.0103496             0   -0.00670956             0             0             0             0             0             0 
   263    -0.0242008    -0.0344859             0     0.0102851             0             0             0             0             0             0 
   264    0.00440075    0.00382718             0    0.00057357             0             0             0             0             0             0 
   265   -0.00285367    -0.0102803             0    0.00742661             0             0             0             0             0             0 
   266   -0.00675743    -0.0192109             0     0.0124535             0             0             0             0             0             0 
   267     -0.001327   -0.00213004             0   0.000803043             0             0             0             0             0             0 
   268     0.0288044    0.00353445             0     0.0252699             0             0             0             0             0             0 
   269     0.0497654   -0.00178822             0     0.0515536             0             0             0             0             0             0 
   318  -0.000696276  -0.000525527             0   -0.00017075             0             0             0             0             0             0 
   319   -0.00292813     0.0139737             0    -0.0169018             0             0             0             0             0             0 
   320   -0.00351396    0.00437065             0   -0.00788461             0             0             0             0             0             0 
   321   0.000673051   0.000640832             0   3.22183e-05             0             0             0             0             0             0 
   322    -0.0048197   -0.00300517             0   -0.00181453             0             0             0             0             0             0 
   323   -0.00175984    0.00086427             0   -0.00262411             0             0             0             0             0             0 
   324    0.00322722    0.00319677             0   3.04482e-05             0             0             0             0             0             0 
   325   -0.00523207   -0.00424809             0  -0.000983976             0             0             0             0             0             0 
   326  -0.000239254   -0.00762538             0    0.00738613             0             0             0             0             0             0 
   327    0.00536012    0.00521058             0   0.000149534             0             0             0             0             0             0 
   328    -0.0127834  -0.000984525             0    -0.0117989             0             0             0             0             0             0 
   329     0.0096165     -0.012261             0     0.0218775             0             0             0             0             0             0 
   330    0.00262134    0.00250929             0   0.000112049             0             0             0             0             0             0 
   331    -0.0114353   -0.00376979             0   -0.00766556             0             0             0             0             0             0 
   332     0.0144682   -0.00133078             0      0.015799             0             0             0             0             0             0 
   339   0.000125252   0.000548047             0  -0.000422795             0             0             0             0             0             0 
   340    -0.0120451     0.0476968             0    -0.0597419             0             0             0             0             0             0 
   341   -0.00523288    0.00597868             0    -0.0112116             0             0             0             0             0             0 
   342    0.00564004    0.00550953             0   0.000130506             0             0             0             0             0             0 
   343    -0.0187121    -0.0226246             0    0.00391251             0             0             0             0             0             0 
   344    0.00468436    0.00616691             0   -0.00148255             0             0             0             0             0             0 
   345    0.00446233    0.00426738             0    0.00019495             0             0             0             0             0             0 
   346  -0.000821776    -0.0349356             0     0.0341138             0             0             0             0             0             0 
   347     0.0029599    0.00346163             0   -0.00050173             0             0             0             0             0             0 
   348     0.0192327         0.019             0   0.000232664             0             0             0             0             0             0 
   349    -0.0217035    -0.0143108             0   -0.00739273             0             0             0             0             0             0 
   350    0.00574375    -0.0178503             0      0.023594             0             0             0             0             0             0 
   351     0.0199863     0.0196971             0   0.000289165             0             0             0             0             0             0 
   352    -0.0358472    -0.0238876             0    -0.0119596             0             0             0             0             0             0 
   353     0.0315807   -0.00571823             0      0.037299             0             0             0             0             0             0 
   360    0.00192226    0.00227317             0  -0.000350909             0             0             0             0             0             0 
   361    -0.0059703     0.0312597             0      -0.03723             0             0             0             0             0             0 
   362   -0.00941661     0.0102268             0    -0.0196434             0             0             0             0             0             0 
   363    0.00275439    0.00252411             0   0.000230287             0             0             0             0             0             0 
   364   -0.00269223    -0.0264631             0     0.0237709             0             0             0             0             0             0 
   365   4.09338e-05    0.00111975             0   -0.00107882             0             0             0             0             0             0 
   366   -0.00489308   -0.00499187             0   9.87853e-05             0             0             0             0             0             0 
   367     0.0157762     -0.032768             0     0.0485442             0             0             0             0             0             0 
   368   -0.00110914   -0.00287451             0    0.00176537             0             0             0             0             0             0 
   369     0.0142678     0.0141201             0   0.000147646             0             0             0             0             0             0 
   370   -0.00260771    -0.0127655             0     0.0101578             0             0             0             0             0             0 
   371   -0.00872336    -0.0286662             0     0.0199429             0             0             0             0             0             0 
   372   0.000532549    0.00013317             0   0.000399379             0             0             0             0             0             0 
   373     0.0107358    0.00318473             0    0.00755103             0             0             0             0             0             0 
   374     0.0318748    -0.0123098             0     0.0441845             0             0             0             0             0             0 
   381  -8.96248e-05    7.2477e-05             0  -0.000162102             0             0             0             0             0             0 
   382   0.000239185    0.00349952             0   -0.00326033             0             0             0             0             0             0 
   383   -0.00778678    0.00956886             0    -0.0173556             0             0             0             0             0             0 
   384  -0.000794382  -0.000847951             0   5.35691e-05             0             0             0             0             0             0 
   385    0.00395903   -0.00271507             0     0.0066741             0             0             0             0             0             0 
   386   -0.00686428   -0.00629287             0  -0.000571418             0             0             0             0             0             0 
   387   -0.00109529  -0.000995127             0  -0.000100168             0             0             0             0             0             0 
   388    0.00378113   -0.00198434             0    0.00576547             0             0             0             0             0             0 
   389    -0.0109563    -0.0174593             0    0.00650303             0             0             0             0             0             0 
   390    0.00140919    0.00126066             0   0.000148532             0             0             0             0             0             0 
   391    0.00681657    0.00239383             0    0.00442275             0             0             0             0             0             0 
   392    -0.0057649    -0.0168457             0     0.0110808             0             0             0             0             0             0 
   393    -0.0186685    -0.0190997             0   0.000431291             0             0             0             0             0             0 
   394     0.0411804     0.0281938             0     0.0129866             0             0             0             0             0             0 
   395     0.0470034    0.00890715             0     0.0380963             0             0             0             0             0             0 
   402  -0.000396343   -0.00018532             0  -0.000211023             0             0             0             0             0             0 
   403   0.000872274    0.00220257             0   -0.00133029             0             0             0             0             0             0 
   404   -0.00436139    0.00549524             0   -0.00985663             0             0             0             0             0             0 
   405   0.000282902   0.000313039             0  -3.01365e-05             0             0             0             0             0             0 
   406  -0.000332873  -0.000193982             0  -0.000138891             0             0             0             0             0             0 
   407    -0.0050532   -0.00464491             0  -0.000408286             0             0             0             0             0             0 
   408   0.000910147   0.000994105             0  -8.39588e-05             0             0             0             0             0             0 
   409   -0.00461134   -0.00167901             0   -0.00293233             0             0             0             0             0             0 
   410    -0.0101261    -0.0113959             0    0.00126981             0             0             0             0             0             0 
   411    0.00192351     0.0016543             0   0.000269208             0             0             0             0             0             0 
   412   0.000272721   -0.00145326             0    0.00172598             0             0             0             0             0             0 
   413    0.00171821    -0.0058278             0    0.00754601             0             0             0             0             0             0 
   414   -0.00154736   -0.00197204             0   0.000424677             0             0             0             0             0             0 
   415     0.0166482    0.00507285             0     0.0115753             0             0             0             0             0             0 
   416     0.0474886    0.00963248             0     0.0378561             0             0             0             0             0             0 
