#varID         total       dxdbVol      dxdbSurf          dSdb          dndb    dxdbDirect          dVdb      distance       options          dvdb
   171   -0.00219958   -0.00188359             0  -0.000315989             0             0             0             0             0             0 
   172   -0.00190081     0.0111595             0    -0.0130604             0             0             0             0             0             0 
   173   -0.00535266    0.00495781             0    -0.0103105             0             0             0             0             0             0 
   174   0.000674478   0.000500594             0   0.000173885             0             0             0             0             0             0 
   175   -0.00411743   -0.00739036             0    0.00327293             0             0             0             0             0             0 
   176   -0.00500312     0.0154285             0    -0.0204316             0             0             0             0             0             0 
   177    0.00509135    0.00499827             0   9.30762e-05             0             0             0             0             0             0 
   178   -0.00839795   -0.00401936             0    -0.0043786             0             0             0             0             0             0 
   179   -0.00163374    -0.0141171             0     0.0124833             0             0             0             0             0             0 
   180     0.0036823    0.00339949             0    0.00028281             0             0             0             0             0             0 
   181   -0.00659431   -0.00289334             0   -0.00370097             0             0             0             0             0             0 
   182    0.00282861   -0.00814199             0     0.0109706             0             0             0             0             0             0 
   183   -0.00011134  -0.000301469             0    0.00019013             0             0             0             0             0             0 
   184   0.000869621    0.00171523             0  -0.000845614             0             0             0             0             0             0 
   185    0.00443699   -0.00247374             0    0.00691073             0             0             0             0             0             0 
   192   -0.00211914   -0.00155845             0  -0.000560686             0             0             0             0             0             0 
   193   -0.00952781     0.0347402             0     -0.044268             0             0             0             0             0             0 
   194   -0.00838647    0.00439697             0    -0.0127834             0             0             0             0             0             0 
   195     0.0035988    0.00335575             0   0.000243043             0             0             0             0             0             0 
   196    -0.0144494    -0.0230433             0    0.00859392             0             0             0             0             0             0 
   197   -0.00667901     0.0126911             0    -0.0193701             0             0             0             0             0             0 
   198    0.00243521    0.00225356             0   0.000181652             0             0             0             0             0             0 
   199    0.00558646    -0.0169391             0     0.0225256             0             0             0             0             0             0 
   200   -0.00529656    -0.0109051             0    0.00560852             0             0             0             0             0             0 
   201    0.00361727    0.00347101             0   0.000146261             0             0             0             0             0             0 
   202    0.00134284   -0.00376015             0    0.00510299             0             0             0             0             0             0 
   203     -0.010399    -0.0013757             0   -0.00902328             0             0             0             0             0             0 
   204    0.00454001    0.00430616             0   0.000233853             0             0             0             0             0             0 
   205   -0.00386909   -0.00277315             0   -0.00109594             0             0             0             0             0             0 
   206   -0.00217109   -0.00484689             0    0.00267581             0             0             0             0             0             0 
   213   0.000176672   0.000692171             0  -0.000515499             0             0             0             0             0             0 
   214   -0.00637293     0.0169119             0    -0.0232849             0             0             0             0             0             0 
   215    -0.0131918     0.0103149             0    -0.0235067             0             0             0             0             0             0 
   216    0.00101526   0.000628495             0   0.000386761             0             0             0             0             0             0 
   217   -0.00140378    -0.0150534             0     0.0136496             0             0             0             0             0             0 
   218    -0.0128505   -0.00487749             0   -0.00797297             0             0             0             0             0             0 
   219   -0.00366021   -0.00377739             0   0.000117171             0             0             0             0             0             0 
   220     0.0255829   -0.00513093             0     0.0307139             0             0             0             0             0             0 
   221    -0.0018504    -0.0346908             0     0.0328403             0             0             0             0             0             0 
   222   0.000790872   0.000807751             0  -1.68791e-05             0             0             0             0             0             0 
   223    0.00639327   0.000894351             0    0.00549892             0             0             0             0             0             0 
   224   -0.00626941     0.0104436             0     -0.016713             0             0             0             0             0             0 
   225    0.00444751    0.00420735             0   0.000240152             0             0             0             0             0             0 
   226   -0.00152849   -0.00385936             0    0.00233088             0             0             0             0             0             0 
   227   -0.00928173   -0.00217909             0   -0.00710264             0             0             0             0             0             0 
   234  -0.000575032  -0.000218883             0  -0.000356149             0             0             0             0             0             0 
   235  -0.000468055     0.0023105             0   -0.00277856             0             0             0             0             0             0 
   236    -0.0106848    0.00613398             0    -0.0168188             0             0             0             0             0             0 
   237   0.000187892  -6.93095e-05             0   0.000257202             0             0             0             0             0             0 
   238    0.00251586   -0.00255614             0      0.005072             0             0             0             0             0             0 
   239   -0.00891768    -0.0129575             0    0.00403982             0             0             0             0             0             0 
   240    0.00425181    0.00429231             0  -4.04955e-05             0             0             0             0             0             0 
   241    0.00697559  -0.000597076             0    0.00757267             0             0             0             0             0             0 
   242     0.0129567     -0.032301             0     0.0452578             0             0             0             0             0             0 
   243  -0.000345279  -0.000478535             0   0.000133257             0             0             0             0             0             0 
   244   0.000354447    0.00619816             0   -0.00584371             0             0             0             0             0             0 
   245    0.00232317     0.0280704             0    -0.0257472             0             0             0             0             0             0 
   246   -0.00356217   -0.00387581             0   0.000313639             0             0             0             0             0             0 
   247    0.00519976    0.00157397             0    0.00362578             0             0             0             0             0             0 
   248   -0.00740273   -0.00302147             0   -0.00438125             0             0             0             0             0             0 
   255  -0.000971514   -0.00050514             0  -0.000466375             0             0             0             0             0             0 
   256   0.000551029    0.00508897             0   -0.00453795             0             0             0             0             0             0 
   257   -0.00546999    0.00383856             0   -0.00930855             0             0             0             0             0             0 
   258   0.000371477   0.000235211             0   0.000136267             0             0             0             0             0             0 
   259  -2.99334e-05    -0.0058627             0    0.00583277             0             0             0             0             0             0 
   260   -0.00340489    -0.0100403             0     0.0066354             0             0             0             0             0             0 
   261      0.004224    0.00424791             0  -2.39108e-05             0             0             0             0             0             0 
   262    0.00105534   -0.00489696             0     0.0059523             0             0             0             0             0             0 
   263     0.0103243    -0.0108789             0     0.0212032             0             0             0             0             0             0 
   264  -0.000504574  -0.000882062             0   0.000377489             0             0             0             0             0             0 
   265    -0.0026807    0.00751464             0    -0.0101953             0             0             0             0             0             0 
   266  -0.000410815     0.0275124             0    -0.0279232             0             0             0             0             0             0 
   267   -0.00391917   -0.00437595             0   0.000456782             0             0             0             0             0             0 
   268      0.005056   0.000808557             0    0.00424745             0             0             0             0             0             0 
   269   -0.00293228    -0.0104954             0    0.00756313             0             0             0             0             0             0 
   318   -0.00044092  -0.000280231             0  -0.000160689             0             0             0             0             0             0 
   319   -0.00363568     0.0104603             0     -0.014096             0             0             0             0             0             0 
   320   -0.00140999   -0.00174339             0   0.000333393             0             0             0             0             0             0 
   321    0.00128651    0.00126027             0   2.62363e-05             0             0             0             0             0             0 
   322   -0.00644369   -0.00554532             0  -0.000898374             0             0             0             0             0             0 
   323   -0.00118414    0.00343832             0   -0.00462246             0             0             0             0             0             0 
   324    0.00237414    0.00234234             0   3.18041e-05             0             0             0             0             0             0 
   325   -0.00488538   -0.00462171             0  -0.000263667             0             0             0             0             0             0 
   326    0.00183702   -0.00296794             0    0.00480496             0             0             0             0             0             0 
   327    0.00240504     0.0022899             0   0.000115146             0             0             0             0             0             0 
   328    -0.0058774   -0.00214849             0   -0.00372891             0             0             0             0             0             0 
   329    0.00749525  -0.000317676             0    0.00781292             0             0             0             0             0             0 
   330    0.00109991    0.00098875             0   0.000111157             0             0             0             0             0             0 
   331   -0.00377426  -0.000452625             0   -0.00332164             0             0             0             0             0             0 
   332    0.00695611  -0.000711685             0    0.00766779             0             0             0             0             0             0 
   339   0.000831446    0.00126794             0  -0.000436492             0             0             0             0             0             0 
   340    -0.0143199      0.032176             0    -0.0464959             0             0             0             0             0             0 
   341   -0.00272976   -0.00326743             0    0.00053767             0             0             0             0             0             0 
   342    0.00826647    0.00819121             0   7.52606e-05             0             0             0             0             0             0 
   343    -0.0257922    -0.0260768             0   0.000284622             0             0             0             0             0             0 
   344    0.00243999    0.00496531             0   -0.00252532             0             0             0             0             0             0 
   345    0.00274829    0.00254432             0   0.000203975             0             0             0             0             0             0 
   346    0.00194407    -0.0239044             0     0.0258484             0             0             0             0             0             0 
   347    0.00455219    0.00409906             0   0.000453126             0             0             0             0             0             0 
   348    0.00665836    0.00655269             0   0.000105672             0             0             0             0             0             0 
   349   -0.00776259   -0.00878504             0    0.00102244             0             0             0             0             0             0 
   350    0.00117723    0.00170897             0  -0.000531743             0             0             0             0             0             0 
   351     0.0108982     0.0106834             0   0.000214814             0             0             0             0             0             0 
   352    -0.0198491    -0.0121487             0   -0.00770036             0             0             0             0             0             0 
   353    0.00911662   -0.00476298             0     0.0138796             0             0             0             0             0             0 
   360    0.00226532    0.00264575             0  -0.000380433             0             0             0             0             0             0 
   361   -0.00912087     0.0167867             0    -0.0259076             0             0             0             0             0             0 
   362   -0.00429683   -0.00118641             0   -0.00311042             0             0             0             0             0             0 
   363     0.0033171    0.00307408             0   0.000243019             0             0             0             0             0             0 
   364    -0.0063205    -0.0201371             0     0.0138166             0             0             0             0             0             0 
   365    0.00132448    0.00286538             0    -0.0015409             0             0             0             0             0             0 
   366    -0.0086157   -0.00880752             0   0.000191822             0             0             0             0             0             0 
   367     0.0284795    -0.0105096             0     0.0389891             0             0             0             0             0             0 
   368    0.00573225   -0.00110747             0    0.00683973             0             0             0             0             0             0 
   369    0.00275915     0.0027346             0   2.45477e-05             0             0             0             0             0             0 
   370    0.00166693   -0.00476659             0    0.00643353             0             0             0             0             0             0 
   371    -0.0033316    0.00712311             0    -0.0104547             0             0             0             0             0             0 
   372     0.0040127    0.00370072             0    0.00031198             0             0             0             0             0             0 
   373  -0.000725077    -0.0042315             0    0.00350642             0             0             0             0             0             0 
   374   0.000608847    -0.0066686             0    0.00727745             0             0             0             0             0             0 
   381   0.000368504   0.000527274             0   -0.00015877             0             0             0             0             0             0 
   382  -0.000488653    0.00125297             0   -0.00174162             0             0             0             0             0             0 
   383   -0.00334558  -0.000183193             0   -0.00316238             0             0             0             0             0             0 
   384  -0.000702272  -0.000810846             0   0.000108574             0             0             0             0             0             0 
   385    0.00367586   -0.00173874             0     0.0054146             0             0             0             0             0             0 
   386   -0.00197144   -0.00259303             0   0.000621594             0             0             0             0             0             0 
   387  -0.000873451  -0.000860583             0  -1.28678e-05             0             0             0             0             0             0 
   388    0.00827289    0.00220366             0    0.00606923             0             0             0             0             0             0 
   389    0.00654891   -0.00695186             0     0.0135008             0             0             0             0             0             0 
   390   -0.00242571   -0.00254208             0   0.000116369             0             0             0             0             0             0 
   391    0.00274852    0.00437377             0   -0.00162525             0             0             0             0             0             0 
   392  -0.000472356     0.0154072             0    -0.0158796             0             0             0             0             0             0 
   393     -0.012291     -0.012594             0   0.000302982             0             0             0             0             0             0 
   394     0.0210805     0.0116459             0     0.0094346             0             0             0             0             0             0 
   395   -0.00287131   -0.00894836             0    0.00607706             0             0             0             0             0             0 
   402  -0.000228523  -1.50235e-05             0    -0.0002135             0             0             0             0             0             0 
   403   0.000914933    0.00181716             0  -0.000902225             0             0             0             0             0             0 
   404   -0.00146854   1.69086e-05             0   -0.00148545             0             0             0             0             0             0 
   405   0.000121809   9.97014e-05             0   2.21073e-05             0             0             0             0             0             0 
   406   0.000710267    -0.0022727             0    0.00298297             0             0             0             0             0             0 
   407  -0.000391938   -0.00331132             0    0.00291938             0             0             0             0             0             0 
   408    0.00138858    0.00138047             0   8.10685e-06             0             0             0             0             0             0 
   409    0.00156321  -0.000159111             0    0.00172233             0             0             0             0             0             0 
   410    0.00539098   -0.00155019             0    0.00694117             0             0             0             0             0             0 
   411   -0.00228526    -0.0025317             0   0.000246447             0             0             0             0             0             0 
   412   -0.00260213    0.00280861             0   -0.00541073             0             0             0             0             0             0 
   413   8.91674e-05     0.0131884             0    -0.0130992             0             0             0             0             0             0 
   414   -0.00493504   -0.00520322             0   0.000268173             0             0             0             0             0             0 
   415    0.00257056   0.000103344             0    0.00246721             0             0             0             0             0             0 
   416    0.00230497    -0.0103655             0     0.0126704             0             0             0             0             0             0 
