#varID         total       dxdbVol      dxdbSurf          dSdb          dndb    dxdbDirect          dVdb      distance       options          dvdb
   171   -0.00290326   -0.00242813             0  -0.000475135             0             0             0             0             0             0 
   172    0.00347309     0.0131217             0   -0.00964862             0             0             0             0             0             0 
   173    -0.0263179     0.0459018             0    -0.0722198             0             0             0             0             0             0 
   174   0.000174862   1.00684e-05             0   0.000164794             0             0             0             0             0             0 
   175  -0.000334056  -0.000480797             0   0.000146741             0             0             0             0             0             0 
   176    -0.0213609      -0.01676             0   -0.00460087             0             0             0             0             0             0 
   177    0.00711004    0.00698939             0   0.000120652             0             0             0             0             0             0 
   178    -0.0113455  -0.000931044             0    -0.0104144             0             0             0             0             0             0 
   179   -0.00919943    -0.0554522             0     0.0462527             0             0             0             0             0             0 
   180    0.00965033    0.00916575             0   0.000484579             0             0             0             0             0             0 
   181    -0.0197577     0.0053553             0     -0.025113             0             0             0             0             0             0 
   182    0.00601462    -0.0614911             0     0.0675058             0             0             0             0             0             0 
   183    0.00193396      0.001708             0   0.000225959             0             0             0             0             0             0 
   184    -0.0118657   -0.00120773             0     -0.010658             0             0             0             0             0             0 
   185     0.0130393    -0.0154915             0     0.0285308             0             0             0             0             0             0 
   192   -0.00493686   -0.00423287             0  -0.000703988             0             0             0             0             0             0 
   193   0.000553207     0.0437219             0    -0.0431687             0             0             0             0             0             0 
   194     -0.025663     0.0645486             0    -0.0902116             0             0             0             0             0             0 
   195   -0.00140566   -0.00164042             0   0.000234766             0             0             0             0             0             0 
   196    0.00176702   -0.00996331             0     0.0117303             0             0             0             0             0             0 
   197    -0.0281989     -0.016457             0    -0.0117418             0             0             0             0             0             0 
   198     0.0122616     0.0120151             0    0.00024652             0             0             0             0             0             0 
   199  -0.000234367    -0.0210876             0     0.0208532             0             0             0             0             0             0 
   200    -0.0287193    -0.0560938             0     0.0273745             0             0             0             0             0             0 
   201     0.0287892     0.0281487             0   0.000640546             0             0             0             0             0             0 
   202    -0.0214514   -0.00236237             0     -0.019089             0             0             0             0             0             0 
   203   -0.00962257    -0.0722936             0     0.0626711             0             0             0             0             0             0 
   204     0.0146354     0.0142699             0   0.000365411             0             0             0             0             0             0 
   205    -0.0233999    -0.0109902             0    -0.0124097             0             0             0             0             0             0 
   206     0.0183691    -0.0271776             0     0.0455467             0             0             0             0             0             0 
   213   -0.00378989    -0.0031035             0  -0.000686386             0             0             0             0             0             0 
   214    0.00145037     0.0297575             0    -0.0283071             0             0             0             0             0             0 
   215    -0.0268598     0.0857121             0     -0.112572             0             0             0             0             0             0 
   216  -0.000588049  -0.000838331             0   0.000250281             0             0             0             0             0             0 
   217    0.00271103    -0.0187563             0     0.0214674             0             0             0             0             0             0 
   218    -0.0305361    -0.0200503             0    -0.0104858             0             0             0             0             0             0 
   219    0.00925312    0.00915691             0   9.62116e-05             0             0             0             0             0             0 
   220     0.0050642    -0.0266665             0     0.0317307             0             0             0             0             0             0 
   221      -0.03952    -0.0673138             0     0.0277938             0             0             0             0             0             0 
   222     0.0313896     0.0307724             0   0.000617237             0             0             0             0             0             0 
   223    -0.0046882    -0.0119914             0     0.0073032             0             0             0             0             0             0 
   224    -0.0305623     -0.098504             0     0.0679418             0             0             0             0             0             0 
   225     0.0182726     0.0177921             0   0.000480487             0             0             0             0             0             0 
   226    0.00189422   -0.00569159             0    0.00758582             0             0             0             0             0             0 
   227     0.0108575    -0.0512115             0      0.062069             0             0             0             0             0             0 
   234   -0.00229582   -0.00175385             0  -0.000541968             0             0             0             0             0             0 
   235    0.00153321    0.00726661             0    -0.0057334             0             0             0             0             0             0 
   236    -0.0192516     0.0658313             0    -0.0850829             0             0             0             0             0             0 
   237   9.78795e-05   0.000103376             0  -5.49653e-06             0             0             0             0             0             0 
   238    0.00179084   0.000265387             0    0.00152545             0             0             0             0             0             0 
   239    -0.0191069   -0.00913997             0   -0.00996697             0             0             0             0             0             0 
   240     0.0037746    0.00395554             0  -0.000180941             0             0             0             0             0             0 
   241  -0.000746234   -0.00167689             0   0.000930655             0             0             0             0             0             0 
   242     -0.024991    -0.0468947             0     0.0219037             0             0             0             0             0             0 
   243     0.0141303     0.0135851             0   0.000545154             0             0             0             0             0             0 
   244    0.00456012   -0.00478511             0    0.00934523             0             0             0             0             0             0 
   245    -0.0230097    -0.0832073             0     0.0601976             0             0             0             0             0             0 
   246   0.000317078  -0.000265698             0   0.000582776             0             0             0             0             0             0 
   247     0.0172098    0.00244314             0     0.0147666             0             0             0             0             0             0 
   248     0.0306971    -0.0341887             0     0.0648858             0             0             0             0             0             0 
   255   -0.00127039  -0.000644765             0  -0.000625624             0             0             0             0             0             0 
   256    0.00219402     0.0133509             0    -0.0111569             0             0             0             0             0             0 
   257   -0.00829679     0.0431726             0    -0.0514694             0             0             0             0             0             0 
   258   0.000216715   0.000436536             0   -0.00021982             0             0             0             0             0             0 
   259    0.00120448     0.0112698             0    -0.0100653             0             0             0             0             0             0 
   260   -0.00911039    0.00876692             0    -0.0178773             0             0             0             0             0             0 
   261    0.00118904    0.00145987             0  -0.000270835             0             0             0             0             0             0 
   262   -0.00415852     0.0063245             0     -0.010483             0             0             0             0             0             0 
   263    -0.0141242    -0.0123913             0   -0.00173291             0             0             0             0             0             0 
   264    0.00252756    0.00180811             0   0.000719452             0             0             0             0             0             0 
   265     0.0124261   -0.00813845             0     0.0205645             0             0             0             0             0             0 
   266   0.000843084    -0.0449242             0     0.0457673             0             0             0             0             0             0 
   267   -0.00540842   -0.00617378             0   0.000765354             0             0             0             0             0             0 
   268     0.0173592    -0.0142476             0     0.0316069             0             0             0             0             0             0 
   269      0.054241    -0.0122369             0     0.0664779             0             0             0             0             0             0 
   318  -0.000771762  -0.000598116             0  -0.000173646             0             0             0             0             0             0 
   319   -0.00114844     0.0147762             0    -0.0159247             0             0             0             0             0             0 
   320   -0.00474719    0.00864682             0     -0.013394             0             0             0             0             0             0 
   321  -7.09745e-05  -9.89738e-05             0   2.79993e-05             0             0             0             0             0             0 
   322   -0.00237377  -0.000808471             0    -0.0015653             0             0             0             0             0             0 
   323   -0.00271998  -0.000503767             0   -0.00221621             0             0             0             0             0             0 
   324    0.00321161     0.0031858             0     2.581e-05             0             0             0             0             0             0 
   325   -0.00495706   -0.00270025             0   -0.00225681             0             0             0             0             0             0 
   326   -0.00200096    -0.0104782             0    0.00847728             0             0             0             0             0             0 
   327     0.0071467    0.00699324             0   0.000153461             0             0             0             0             0             0 
   328    -0.0175244  -0.000623115             0    -0.0169013             0             0             0             0             0             0 
   329    0.00882144    -0.0190877             0     0.0279091             0             0             0             0             0             0 
   330    0.00306096    0.00296587             0   9.50971e-05             0             0             0             0             0             0 
   331    -0.0167565   -0.00622634             0    -0.0105302             0             0             0             0             0             0 
   332     0.0167471    -0.0024999             0      0.019247             0             0             0             0             0             0 
   339  -0.000690887  -0.000274486             0  -0.000416402             0             0             0             0             0             0 
   340   -0.00555433      0.051165             0    -0.0567193             0             0             0             0             0             0 
   341   -0.00502238     0.0130367             0    -0.0180591             0             0             0             0             0             0 
   342    0.00131655    0.00119124             0   0.000125307             0             0             0             0             0             0 
   343   -0.00903242    -0.0145642             0    0.00553176             0             0             0             0             0             0 
   344    0.00397923    0.00637785             0   -0.00239862             0             0             0             0             0             0 
   345     0.0063234    0.00611024             0   0.000213157             0             0             0             0             0             0 
   346   -0.00328503    -0.0338606             0     0.0305755             0             0             0             0             0             0 
   347   -0.00103738  -0.000624333             0  -0.000413049             0             0             0             0             0             0 
   348     0.0286611     0.0283556             0   0.000305535             0             0             0             0             0             0 
   349    -0.0339891    -0.0191957             0    -0.0147934             0             0             0             0             0             0 
   350     0.0110329    -0.0257048             0     0.0367377             0             0             0             0             0             0 
   351     0.0236016     0.0233378             0   0.000263872             0             0             0             0             0             0 
   352    -0.0491211    -0.0327457             0    -0.0163754             0             0             0             0             0             0 
   353     0.0477062   -0.00194799             0     0.0496542             0             0             0             0             0             0 
   360   0.000958142    0.00130312             0  -0.000344978             0             0             0             0             0             0 
   361   1.72008e-05      0.036219             0    -0.0362018             0             0             0             0             0             0 
   362   -0.00802698     0.0187428             0    -0.0267698             0             0             0             0             0             0 
   363    0.00123217    0.00101803             0   0.000214138             0             0             0             0             0             0 
   364  -0.000659275    -0.0254298             0     0.0247705             0             0             0             0             0             0 
   365   -0.00037162    0.00327067             0   -0.00364229             0             0             0             0             0             0 
   366    0.00325943    0.00312768             0   0.000131751             0             0             0             0             0             0 
   367    0.00267343    -0.0426405             0     0.0453139             0             0             0             0             0             0 
   368   -0.00557694   -0.00304681             0   -0.00253013             0             0             0             0             0             0 
   369     0.0260368     0.0257637             0   0.000273105             0             0             0             0             0             0 
   370   -0.00944291    -0.0194912             0     0.0100483             0             0             0             0             0             0 
   371    -0.0081602    -0.0489055             0     0.0407453             0             0             0             0             0             0 
   372   0.000677431   0.000343849             0   0.000333582             0             0             0             0             0             0 
   373    0.00692729   -0.00378239             0     0.0107097             0             0             0             0             0             0 
   374     0.0445244    -0.0220385             0     0.0665628             0             0             0             0             0             0 
   381  -0.000100481   6.19657e-05             0  -0.000162447             0             0             0             0             0             0 
   382     0.0012195    0.00425798             0   -0.00303847             0             0             0             0             0             0 
   383   -0.00587056     0.0163864             0    -0.0222569             0             0             0             0             0             0 
   384  -0.000287564  -0.000320333             0    3.2769e-05             0             0             0             0             0             0 
   385    0.00297315   -0.00319687             0    0.00617002             0             0             0             0             0             0 
   386   -0.00504649   -0.00109051             0   -0.00395598             0             0             0             0             0             0 
   387    0.00168962    0.00178272             0  -9.31002e-05             0             0             0             0             0             0 
   388    0.00138874   -0.00367724             0    0.00506598             0             0             0             0             0             0 
   389    -0.0116469    -0.0114926             0  -0.000154261             0             0             0             0             0             0 
   390    0.00699543    0.00679787             0   0.000197569             0             0             0             0             0             0 
   391    0.00808106   0.000602915             0    0.00747814             0             0             0             0             0             0 
   392    -0.0100101    -0.0413127             0     0.0313026             0             0             0             0             0             0 
   393    -0.0213718    -0.0217263             0   0.000354482             0             0             0             0             0             0 
   394     0.0394158     0.0240018             0      0.015414             0             0             0             0             0             0 
   395     0.0424557   -0.00936174             0     0.0518174             0             0             0             0             0             0 
   402  -0.000284318  -7.82862e-05             0  -0.000206032             0             0             0             0             0             0 
   403    0.00165377    0.00268092             0   -0.00102715             0             0             0             0             0             0 
   404   -0.00255809     0.0100102             0    -0.0125683             0             0             0             0             0             0 
   405   0.000174079   0.000221363             0  -4.72843e-05             0             0             0             0             0             0 
   406    0.00186243    0.00377515             0   -0.00191272             0             0             0             0             0             0 
   407   -0.00245657    0.00148207             0   -0.00393863             0             0             0             0             0             0 
   408    0.00106854     0.0011656             0  -9.70682e-05             0             0             0             0             0             0 
   409   -0.00160447    0.00317055             0   -0.00477502             0             0             0             0             0             0 
   410   -0.00815463    -0.0046134             0   -0.00354124             0             0             0             0             0             0 
   411    0.00210062    0.00182823             0   0.000272389             0             0             0             0             0             0 
   412    0.00392531   -0.00170983             0    0.00563515             0             0             0             0             0             0 
   413     0.0011791    -0.0208047             0     0.0219838             0             0             0             0             0             0 
   414   -0.00603184   -0.00640444             0   0.000372604             0             0             0             0             0             0 
   415     0.0130444  -0.000761145             0     0.0138055             0             0             0             0             0             0 
   416     0.0394304    -0.0028168             0     0.0422472             0             0             0             0             0             0 
