#varID         total       dxdbVol      dxdbSurf          dSdb          dndb    dxdbDirect          dVdb      distance       options          dvdb
   171   -0.00342071   -0.00294076             0   -0.00047995             0             0             0             0             0             0 
   172    0.00383268     0.0134559             0   -0.00962318             0             0             0             0             0             0 
   173    -0.0261993     0.0480063             0    -0.0742056             0             0             0             0             0             0 
   174  -5.27499e-05  -0.000215968             0   0.000163218             0             0             0             0             0             0 
   175  -0.000166717   -0.00029367             0   0.000126953             0             0             0             0             0             0 
   176    -0.0240749    -0.0193203             0   -0.00475456             0             0             0             0             0             0 
   177    0.00766301    0.00754067             0    0.00012234             0             0             0             0             0             0 
   178    -0.0110606  -0.000421598             0     -0.010639             0             0             0             0             0             0 
   179    -0.0156703    -0.0629585             0     0.0472883             0             0             0             0             0             0 
   180     0.0103486    0.00985978             0   0.000488814             0             0             0             0             0             0 
   181     -0.021068    0.00477276             0    -0.0258408             0             0             0             0             0             0 
   182     0.0102032    -0.0588946             0     0.0690977             0             0             0             0             0             0 
   183    0.00190225     0.0016768             0   0.000225449             0             0             0             0             0             0 
   184    -0.0137232   -0.00272701             0    -0.0109961             0             0             0             0             0             0 
   185     0.0182186     -0.010813             0     0.0290316             0             0             0             0             0             0 
   192   -0.00625137   -0.00554303             0   -0.00070834             0             0             0             0             0             0 
   193    0.00162366     0.0444545             0    -0.0428309             0             0             0             0             0             0 
   194    -0.0281844     0.0641114             0    -0.0922958             0             0             0             0             0             0 
   195   -0.00151325    -0.0017441             0   0.000230849             0             0             0             0             0             0 
   196    0.00282138   -0.00894426             0     0.0117656             0             0             0             0             0             0 
   197    -0.0322509     -0.019977             0    -0.0122739             0             0             0             0             0             0 
   198       0.01321     0.0129562             0   0.000253875             0             0             0             0             0             0 
   199  -0.000893993     -0.021256             0      0.020362             0             0             0             0             0             0 
   200    -0.0330347    -0.0612803             0     0.0282456             0             0             0             0             0             0 
   201     0.0300736     0.0294165             0   0.000657082             0             0             0             0             0             0 
   202    -0.0240337   -0.00407614             0    -0.0199576             0             0             0             0             0             0 
   203   -0.00663081    -0.0714937             0     0.0648629             0             0             0             0             0             0 
   204      0.015239     0.0148724             0   0.000366598             0             0             0             0             0             0 
   205    -0.0261063    -0.0132389             0    -0.0128673             0             0             0             0             0             0 
   206     0.0216321    -0.0250179             0       0.04665             0             0             0             0             0             0 
   213   -0.00537519    -0.0046855             0  -0.000689694             0             0             0             0             0             0 
   214     0.0016721     0.0298298             0    -0.0281577             0             0             0             0             0             0 
   215    -0.0310968     0.0830826             0     -0.114179             0             0             0             0             0             0 
   216  -0.000568294  -0.000811904             0    0.00024361             0             0             0             0             0             0 
   217    0.00333429     -0.018131             0     0.0214653             0             0             0             0             0             0 
   218     -0.035416      -0.02384             0    -0.0115759             0             0             0             0             0             0 
   219     0.0116687     0.0115614             0   0.000107327             0             0             0             0             0             0 
   220      0.003989    -0.0275159             0     0.0315048             0             0             0             0             0             0 
   221    -0.0443507     -0.071786             0     0.0274353             0             0             0             0             0             0 
   222      0.034262     0.0336176             0   0.000644328             0             0             0             0             0             0 
   223   -0.00555587    -0.0128545             0    0.00729862             0             0             0             0             0             0 
   224     -0.029108    -0.0995271             0     0.0704191             0             0             0             0             0             0 
   225      0.018358      0.017878             0   0.000479998             0             0             0             0             0             0 
   226    0.00337219   -0.00442132             0    0.00779351             0             0             0             0             0             0 
   227     0.0152694    -0.0485935             0     0.0638629             0             0             0             0             0             0 
   234   -0.00348937   -0.00294792             0  -0.000541454             0             0             0             0             0             0 
   235    0.00148591    0.00710167             0   -0.00561576             0             0             0             0             0             0 
   236    -0.0226628     0.0630227             0    -0.0856855             0             0             0             0             0             0 
   237  -0.000275214  -0.000264747             0  -1.04669e-05             0             0             0             0             0             0 
   238    0.00240264   0.000908352             0    0.00149429             0             0             0             0             0             0 
   239    -0.0223587    -0.0114298             0    -0.0109289             0             0             0             0             0             0 
   240    0.00525738    0.00542944             0  -0.000172061             0             0             0             0             0             0 
   241   -0.00203069   -0.00309061             0    0.00105992             0             0             0             0             0             0 
   242    -0.0301569    -0.0512916             0     0.0211346             0             0             0             0             0             0 
   243     0.0178837     0.0173245             0   0.000559187             0             0             0             0             0             0 
   244    0.00112664   -0.00876597             0     0.0098926             0             0             0             0             0             0 
   245     -0.025133    -0.0873591             0     0.0622261             0             0             0             0             0             0 
   246    0.00164921    0.00107765             0    0.00057156             0             0             0             0             0             0 
   247     0.0244743    0.00927129             0      0.015203             0             0             0             0             0             0 
   248     0.0344286    -0.0311316             0     0.0655602             0             0             0             0             0             0 
   255   -0.00238183   -0.00175978             0  -0.000622055             0             0             0             0             0             0 
   256    0.00128066     0.0122033             0    -0.0109227             0             0             0             0             0             0 
   257    -0.0115735       0.03997             0    -0.0515435             0             0             0             0             0             0 
   258  -0.000627461  -0.000406517             0  -0.000220943             0             0             0             0             0             0 
   259   0.000802558     0.0110846             0    -0.0102821             0             0             0             0             0             0 
   260    -0.0139792    0.00451428             0    -0.0184935             0             0             0             0             0             0 
   261    0.00290828    0.00317163             0  -0.000263346             0             0             0             0             0             0 
   262    -0.0122931   -0.00176293             0    -0.0105302             0             0             0             0             0             0 
   263    -0.0234926    -0.0215848             0   -0.00190773             0             0             0             0             0             0 
   264    0.00839631    0.00767734             0   0.000718966             0             0             0             0             0             0 
   265   -0.00338746     -0.024396             0     0.0210086             0             0             0             0             0             0 
   266   -0.00417138    -0.0512914             0       0.04712             0             0             0             0             0             0 
   267   -0.00391152   -0.00465694             0   0.000745421             0             0             0             0             0             0 
   268     0.0298966   -0.00193627             0     0.0318329             0             0             0             0             0             0 
   269     0.0537548    -0.0118066             0     0.0655614             0             0             0             0             0             0 
   318  -0.000959404  -0.000785432             0  -0.000173973             0             0             0             0             0             0 
   319  -0.000717008     0.0151352             0    -0.0158522             0             0             0             0             0             0 
   320   -0.00487134    0.00891514             0    -0.0137865             0             0             0             0             0             0 
   321  -0.000157609  -0.000185106             0   2.74966e-05             0             0             0             0             0             0 
   322   -0.00199287  -0.000455221             0   -0.00153765             0             0             0             0             0             0 
   323   -0.00317097  -0.000911107             0   -0.00225987             0             0             0             0             0             0 
   324    0.00348323    0.00345773             0   2.54997e-05             0             0             0             0             0             0 
   325   -0.00502223   -0.00263159             0   -0.00239064             0             0             0             0             0             0 
   326    -0.0031836    -0.0117413             0    0.00855775             0             0             0             0             0             0 
   327    0.00760053    0.00744713             0   0.000153402             0             0             0             0             0             0 
   328    -0.0189714   -0.00161046             0    -0.0173609             0             0             0             0             0             0 
   329      0.011045    -0.0173225             0     0.0283675             0             0             0             0             0             0 
   330    0.00312652    0.00303298             0    9.3532e-05             0             0             0             0             0             0 
   331    -0.0183738   -0.00758174             0     -0.010792             0             0             0             0             0             0 
   332     0.0191499  -0.000361515             0     0.0195114             0             0             0             0             0             0 
   339   -0.00118999  -0.000773644             0  -0.000416344             0             0             0             0             0             0 
   340   -0.00430639     0.0521204             0    -0.0564268             0             0             0             0             0             0 
   341   -0.00583309     0.0126604             0    -0.0184935             0             0             0             0             0             0 
   342     0.0009998   0.000875453             0   0.000124347             0             0             0             0             0             0 
   343   -0.00771759    -0.0133725             0    0.00565495             0             0             0             0             0             0 
   344    0.00291161    0.00549246             0   -0.00258086             0             0             0             0             0             0 
   345    0.00691607    0.00670048             0   0.000215595             0             0             0             0             0             0 
   346   -0.00402333    -0.0342312             0     0.0302079             0             0             0             0             0             0 
   347   -0.00200616   -0.00158961             0  -0.000416546             0             0             0             0             0             0 
   348     0.0299924     0.0296811             0   0.000311356             0             0             0             0             0             0 
   349    -0.0369741    -0.0214691             0     -0.015505             0             0             0             0             0             0 
   350     0.0128232     -0.024871             0     0.0376942             0             0             0             0             0             0 
   351     0.0242094     0.0239483             0   0.000261071             0             0             0             0             0             0 
   352    -0.0526907    -0.0357913             0    -0.0168993             0             0             0             0             0             0 
   353     0.0511862   0.000464117             0      0.050722             0             0             0             0             0             0 
   360   0.000499777   0.000844396             0  -0.000344619             0             0             0             0             0             0 
   361  -1.10661e-05      0.036063             0    -0.0360741             0             0             0             0             0             0 
   362   -0.00912428     0.0179595             0    -0.0270838             0             0             0             0             0             0 
   363    0.00102248   0.000809434             0   0.000213046             0             0             0             0             0             0 
   364  -0.000121189    -0.0249436             0     0.0248224             0             0             0             0             0             0 
   365   -0.00156592    0.00238749             0    -0.0039534             0             0             0             0             0             0 
   366    0.00441197      0.004275             0   0.000136968             0             0             0             0             0             0 
   367    0.00210906     -0.042938             0     0.0450471             0             0             0             0             0             0 
   368   -0.00726191   -0.00437058             0   -0.00289133             0             0             0             0             0             0 
   369     0.0278529       0.02757             0   0.000282803             0             0             0             0             0             0 
   370    -0.0100667    -0.0200903             0     0.0100236             0             0             0             0             0             0 
   371   -0.00731356    -0.0493807             0     0.0420671             0             0             0             0             0             0 
   372   -0.00183841   -0.00216314             0   0.000324724             0             0             0             0             0             0 
   373    0.00867512   -0.00230457             0     0.0109797             0             0             0             0             0             0 
   374     0.0516683    -0.0167713             0     0.0684395             0             0             0             0             0             0 
   381  -0.000393456  -0.000231995             0  -0.000161461             0             0             0             0             0             0 
   382   0.000989594    0.00399285             0   -0.00300326             0             0             0             0             0             0 
   383   -0.00676542     0.0155728             0    -0.0223382             0             0             0             0             0             0 
   384  -0.000458381  -0.000490488             0   3.21068e-05             0             0             0             0             0             0 
   385    0.00307022   -0.00308211             0    0.00615233             0             0             0             0             0             0 
   386   -0.00586611   -0.00164683             0   -0.00421929             0             0             0             0             0             0 
   387     0.0022575      0.002347             0  -8.95004e-05             0             0             0             0             0             0 
   388    0.00115355   -0.00396123             0    0.00511477             0             0             0             0             0             0 
   389    -0.0135605    -0.0130443             0  -0.000516195             0             0             0             0             0             0 
   390    0.00849957    0.00830011             0   0.000199464             0             0             0             0             0             0 
   391    0.00811222   0.000250936             0    0.00786128             0             0             0             0             0             0 
   392    -0.0111719    -0.0434912             0     0.0323193             0             0             0             0             0             0 
   393    -0.0241987    -0.0245413             0   0.000342617             0             0             0             0             0             0 
   394     0.0443518     0.0284971             0     0.0158547             0             0             0             0             0             0 
   395      0.050866   -0.00154391             0     0.0524099             0             0             0             0             0             0 
   402  -0.000525882   -0.00032167             0  -0.000204213             0             0             0             0             0             0 
   403    0.00111078    0.00206622             0  -0.000955437             0             0             0             0             0             0 
   404   -0.00338209    0.00916158             0    -0.0125437             0             0             0             0             0             0 
   405  -1.41385e-05   3.27423e-05             0  -4.68809e-05             0             0             0             0             0             0 
   406    0.00131156    0.00330902             0   -0.00199746             0             0             0             0             0             0 
   407   -0.00344533   0.000692667             0     -0.004138             0             0             0             0             0             0 
   408     0.0016826    0.00177774             0  -9.51353e-05             0             0             0             0             0             0 
   409   -0.00379004    0.00105384             0   -0.00484388             0             0             0             0             0             0 
   410    -0.0102906   -0.00660539             0   -0.00368525             0             0             0             0             0             0 
   411     0.0041135    0.00384525             0   0.000268251             0             0             0             0             0             0 
   412     0.0010125   -0.00476205             0    0.00577455             0             0             0             0             0             0 
   413  -0.000862282    -0.0233967             0     0.0225345             0             0             0             0             0             0 
   414   -0.00744049   -0.00780317             0   0.000362681             0             0             0             0             0             0 
   415     0.0180752     0.0041744             0     0.0139008             0             0             0             0             0             0 
   416     0.0461604     0.0043674             0      0.041793             0             0             0             0             0             0 
