#varID         total       dxdbVol      dxdbSurf          dSdb          dndb    dxdbDirect          dVdb      distance       options          dvdb
   171   -0.00234626   -0.00197754             0  -0.000368715             0             0             0             0             0             0 
   172  -0.000979643     0.0125338             0    -0.0135134             0             0             0             0             0             0 
   173    -0.0112172     0.0168365             0    -0.0280537             0             0             0             0             0             0 
   174   0.000685885   0.000511895             0    0.00017399             0             0             0             0             0             0 
   175   -0.00335857   -0.00499139             0    0.00163281             0             0             0             0             0             0 
   176   -0.00947838     0.0045927             0    -0.0140711             0             0             0             0             0             0 
   177    0.00737514    0.00727446             0   0.000100682             0             0             0             0             0             0 
   178    -0.0111297   -0.00536348             0   -0.00576623             0             0             0             0             0             0 
   179   -0.00257548    -0.0243849             0     0.0218094             0             0             0             0             0             0 
   180    0.00545542    0.00508723             0   0.000368184             0             0             0             0             0             0 
   181     -0.010981  -0.000595262             0    -0.0103857             0             0             0             0             0             0 
   182    0.00382807    -0.0268443             0     0.0306724             0             0             0             0             0             0 
   183  -0.000276733  -0.000493985             0   0.000217252             0             0             0             0             0             0 
   184   -0.00138564    0.00232856             0    -0.0037142             0             0             0             0             0             0 
   185    0.00738495   -0.00780095             0     0.0151859             0             0             0             0             0             0 
   192   -0.00259783   -0.00199818             0  -0.000599648             0             0             0             0             0             0 
   193   -0.00889534     0.0428406             0    -0.0517359             0             0             0             0             0             0 
   194    -0.0166682     0.0209711             0    -0.0376393             0             0             0             0             0             0 
   195    0.00323556    0.00296654             0   0.000269022             0             0             0             0             0             0 
   196    -0.0107034    -0.0221753             0     0.0114719             0             0             0             0             0             0 
   197    -0.0142468    0.00181533             0    -0.0160621             0             0             0             0             0             0 
   198    0.00485851    0.00469489             0    0.00016362             0             0             0             0             0             0 
   199    0.00429599    -0.0252441             0     0.0295401             0             0             0             0             0             0 
   200    -0.0108095    -0.0189386             0    0.00812912             0             0             0             0             0             0 
   201    0.00923484    0.00893799             0   0.000296851             0             0             0             0             0             0 
   202   -0.00326076   -0.00201559             0   -0.00124517             0             0             0             0             0             0 
   203    -0.0124114    -0.0246839             0     0.0122725             0             0             0             0             0             0 
   204     0.0072087    0.00689789             0   0.000310807             0             0             0             0             0             0 
   205   -0.00680121   -0.00243317             0   -0.00436804             0             0             0             0             0             0 
   206     0.0027367    -0.0149215             0     0.0176582             0             0             0             0             0             0 
   213  -0.000778654   -0.00022431             0  -0.000554344             0             0             0             0             0             0 
   214   -0.00561857     0.0252143             0    -0.0308329             0             0             0             0             0             0 
   215    -0.0252366     0.0314381             0    -0.0566747             0             0             0             0             0             0 
   216    0.00181063     0.0014561             0   0.000354539             0             0             0             0             0             0 
   217   0.000543381     -0.020428             0     0.0209713             0             0             0             0             0             0 
   218    -0.0220615    -0.0185417             0   -0.00351976             0             0             0             0             0             0 
   219   -0.00419117   -0.00421881             0    2.7636e-05             0             0             0             0             0             0 
   220     0.0223128    -0.0155585             0     0.0378712             0             0             0             0             0             0 
   221    -0.0153741    -0.0470305             0     0.0316564             0             0             0             0             0             0 
   222    0.00587426    0.00577547             0   9.87804e-05             0             0             0             0             0             0 
   223    0.00495018   -0.00314036             0    0.00809054             0             0             0             0             0             0 
   224     -0.016458    -0.0201228             0    0.00366478             0             0             0             0             0             0 
   225    0.00811233    0.00775579             0   0.000356533             0             0             0             0             0             0 
   226    0.00246732   -0.00168584             0    0.00415317             0             0             0             0             0             0 
   227   -0.00259251    -0.0160318             0     0.0134393             0             0             0             0             0             0 
   234   -0.00141498  -0.000996909             0  -0.000418071             0             0             0             0             0             0 
   235  -0.000275528    0.00484869             0   -0.00512422             0             0             0             0             0             0 
   236    -0.0204736     0.0235186             0    -0.0439922             0             0             0             0             0             0 
   237   0.000474206   0.000309557             0   0.000164649             0             0             0             0             0             0 
   238    0.00221539   -0.00316839             0    0.00538378             0             0             0             0             0             0 
   239    -0.0177517    -0.0246966             0    0.00694496             0             0             0             0             0             0 
   240    0.00061035   0.000741574             0  -0.000131224             0             0             0             0             0             0 
   241    0.00284401   -0.00296643             0    0.00581044             0             0             0             0             0             0 
   242   -0.00805895    -0.0513177             0     0.0432587             0             0             0             0             0             0 
   243   0.000771556   0.000574753             0   0.000196803             0             0             0             0             0             0 
   244  -0.000250411   1.77728e-05             0  -0.000268184             0             0             0             0             0             0 
   245   -0.00474396      0.001002             0   -0.00574596             0             0             0             0             0             0 
   246   -0.00123078   -0.00170736             0   0.000476581             0             0             0             0             0             0 
   247     0.0132549    0.00489788             0    0.00835704             0             0             0             0             0             0 
   248     0.0153998   -0.00134596             0     0.0167458             0             0             0             0             0             0 
   255   -0.00135573  -0.000832099             0  -0.000523627             0             0             0             0             0             0 
   256  -0.000202595    0.00760482             0   -0.00780742             0             0             0             0             0             0 
   257     -0.011016     0.0149733             0    -0.0259893             0             0             0             0             0             0 
   258   0.000701647   0.000697992             0   3.65528e-06             0             0             0             0             0             0 
   259   -0.00324063   -0.00457816             0    0.00133753             0             0             0             0             0             0 
   260    -0.0104735     -0.014031             0    0.00355749             0             0             0             0             0             0 
   261    0.00226723    0.00240212             0  -0.000134882             0             0             0             0             0             0 
   262   -0.00810625   -0.00708461             0   -0.00102164             0             0             0             0             0             0 
   263   -0.00695272    -0.0257505             0     0.0187977             0             0             0             0             0             0 
   264    0.00128455   0.000815277             0   0.000469275             0             0             0             0             0             0 
   265   -0.00583326   -0.00286119             0   -0.00297207             0             0             0             0             0             0 
   266   -0.00135491     0.0084292             0   -0.00978411             0             0             0             0             0             0 
   267  -0.000849173    -0.0015082             0   0.000659029             0             0             0             0             0             0 
   268     0.0157953   0.000437934             0     0.0153574             0             0             0             0             0             0 
   269     0.0241529   -0.00423847             0     0.0283914             0             0             0             0             0             0 
   318  -0.000480273  -0.000312478             0  -0.000167794             0             0             0             0             0             0 
   319    -0.0040881     0.0131628             0    -0.0172509             0             0             0             0             0             0 
   320   -0.00221197    0.00131437             0   -0.00352633             0             0             0             0             0             0 
   321     0.0012518     0.0012183             0   3.35012e-05             0             0             0             0             0             0 
   322   -0.00652602   -0.00478761             0   -0.00173841             0             0             0             0             0             0 
   323  -0.000973735    0.00245853             0   -0.00343227             0             0             0             0             0             0 
   324    0.00316526    0.00313209             0   3.31766e-05             0             0             0             0             0             0 
   325   -0.00560802   -0.00542791             0  -0.000180113             0             0             0             0             0             0 
   326    0.00145793   -0.00469527             0     0.0061532             0             0             0             0             0             0 
   327    0.00352799    0.00339109             0   0.000136902             0             0             0             0             0             0 
   328   -0.00895502    -0.0011124             0   -0.00784262             0             0             0             0             0             0 
   329    0.00799485   -0.00784804             0     0.0158429             0             0             0             0             0             0 
   330    0.00144966     0.0013338             0   0.000115858             0             0             0             0             0             0 
   331   -0.00652051    -0.0011092             0   -0.00541132             0             0             0             0             0             0 
   332     0.0103275    -0.0019464             0     0.0122739             0             0             0             0             0             0 
   339   0.000916896     0.0013444             0  -0.000427508             0             0             0             0             0             0 
   340    -0.0157191      0.044028             0     -0.059747             0             0             0             0             0             0 
   341   -0.00409701    0.00108303             0   -0.00518004             0             0             0             0             0             0 
   342    0.00854091    0.00841582             0   0.000125086             0             0             0             0             0             0 
   343    -0.0249104     -0.027717             0    0.00280662             0             0             0             0             0             0 
   344    0.00509319    0.00667628             0   -0.00158309             0             0             0             0             0             0 
   345    0.00364069     0.0034479             0   0.000192783             0             0             0             0             0             0 
   346    0.00072029    -0.0340543             0     0.0347746             0             0             0             0             0             0 
   347    0.00584853     0.0063276             0  -0.000479069             0             0             0             0             0             0 
   348     0.0119795     0.0118023             0   0.000177234             0             0             0             0             0             0 
   349    -0.0127102    -0.0104999             0   -0.00221034             0             0             0             0             0             0 
   350    0.00235444    -0.0100626             0      0.012417             0             0             0             0             0             0 
   351     0.0154446      0.015166             0   0.000278545             0             0             0             0             0             0 
   352    -0.0248715    -0.0158021             0   -0.00906945             0             0             0             0             0             0 
   353     0.0185649   -0.00797845             0     0.0265434             0             0             0             0             0             0 
   360     0.0027599    0.00311427             0  -0.000354372             0             0             0             0             0             0 
   361    -0.0088178     0.0273803             0    -0.0361981             0             0             0             0             0             0 
   362   -0.00752461    0.00459163             0    -0.0121162             0             0             0             0             0             0 
   363    0.00391423    0.00367471             0   0.000239522             0             0             0             0             0             0 
   364   -0.00475506    -0.0267451             0       0.02199             0             0             0             0             0             0 
   365    0.00203164    0.00232288             0  -0.000291241             0             0             0             0             0             0 
   366   -0.00919637   -0.00930838             0   0.000112012             0             0             0             0             0             0 
   367     0.0238641    -0.0248104             0     0.0486745             0             0             0             0             0             0 
   368    0.00450097    -0.0001948             0    0.00469577             0             0             0             0             0             0 
   369    0.00715244    0.00707617             0   7.62752e-05             0             0             0             0             0             0 
   370   0.000984389   -0.00837309             0    0.00935748             0             0             0             0             0             0 
   371   -0.00709557    -0.0113707             0    0.00427511             0             0             0             0             0             0 
   372    0.00386382    0.00348318             0   0.000380638             0             0             0             0             0             0 
   373    0.00686637    0.00154492             0    0.00532146             0             0             0             0             0             0 
   374     0.0127071    -0.0130605             0     0.0257676             0             0             0             0             0             0 
   381   0.000295476   0.000451322             0  -0.000155846             0             0             0             0             0             0 
   382  -0.000157362    0.00280018             0   -0.00295754             0             0             0             0             0             0 
   383   -0.00589896    0.00536446             0    -0.0112634             0             0             0             0             0             0 
   384  -0.000988104   -0.00106166             0   7.35539e-05             0             0             0             0             0             0 
   385    0.00433311   -0.00261979             0     0.0069529             0             0             0             0             0             0 
   386   -0.00426454   -0.00545346             0    0.00118892             0             0             0             0             0             0 
   387   -0.00266644   -0.00259746             0  -6.89827e-05             0             0             0             0             0             0 
   388    0.00636821  -7.66213e-05             0    0.00644483             0             0             0             0             0             0 
   389   -0.00312723    -0.0140323             0      0.010905             0             0             0             0             0             0 
   390   -0.00155728   -0.00168308             0   0.000125803             0             0             0             0             0             0 
   391    0.00467806     0.0029583             0    0.00171976             0             0             0             0             0             0 
   392   -0.00193064    0.00162506             0    -0.0035557             0             0             0             0             0             0 
   393    -0.0139227    -0.0143097             0   0.000387028             0             0             0             0             0             0 
   394     0.0316631     0.0204365             0     0.0112266             0             0             0             0             0             0 
   395      0.022263   0.000232427             0     0.0220306             0             0             0             0             0             0 
   402  -0.000269386  -6.12902e-05             0  -0.000208096             0             0             0             0             0             0 
   403    0.00104805    0.00211915             0    -0.0010711             0             0             0             0             0             0 
   404   -0.00301259    0.00314956             0   -0.00616215             0             0             0             0             0             0 
   405   0.000148537   0.000158581             0  -1.00443e-05             0             0             0             0             0             0 
   406   0.000389687   -0.00123207             0    0.00162176             0             0             0             0             0             0 
   407   -0.00259662   -0.00461167             0    0.00201505             0             0             0             0             0             0 
   408   0.000398181   0.000443711             0    -4.553e-05             0             0             0             0             0             0 
   409   -0.00160137  -0.000866886             0  -0.000734486             0             0             0             0             0             0 
   410   -0.00275787   -0.00763177             0     0.0048739             0             0             0             0             0             0 
   411  -0.000354966    -0.0006144             0   0.000259434             0             0             0             0             0             0 
   412   -0.00259453  -0.000593942             0   -0.00200058             0             0             0             0             0             0 
   413    0.00204509    0.00545999             0   -0.00341491             0             0             0             0             0             0 
   414    -0.0011946    -0.0015589             0   0.000364293             0             0             0             0             0             0 
   415    0.00878044    0.00145951             0    0.00732093             0             0             0             0             0             0 
   416     0.0251378   -0.00015262             0     0.0252904             0             0             0             0             0             0 
