#varID         total       dxdbVol      dxdbSurf          dSdb          dndb    dxdbDirect          dVdb      distance       options          dvdb
   171   -0.00205964   -0.00173711             0  -0.000322527             0             0             0             0             0             0 
   172   -0.00206079     0.0114665             0    -0.0135273             0             0             0             0             0             0 
   173   -0.00547235    0.00635003             0    -0.0118224             0             0             0             0             0             0 
   174   0.000655174   0.000480817             0   0.000174357             0             0             0             0             0             0 
   175   -0.00413595   -0.00719571             0    0.00305976             0             0             0             0             0             0 
   176   -0.00519183     0.0147563             0    -0.0199481             0             0             0             0             0             0 
   177     0.0053499    0.00525533             0   9.45705e-05             0             0             0             0             0             0 
   178   -0.00885255   -0.00452123             0   -0.00433132             0             0             0             0             0             0 
   179   -0.00127321    -0.0143677             0     0.0130945             0             0             0             0             0             0 
   180    0.00385909    0.00356607             0   0.000293025             0             0             0             0             0             0 
   181   -0.00689062   -0.00254659             0   -0.00434404             0             0             0             0             0             0 
   182    0.00249668    -0.0105136             0     0.0130103             0             0             0             0             0             0 
   183  -0.000229208  -0.000423782             0   0.000194575             0             0             0             0             0             0 
   184    0.00108711    0.00227552             0   -0.00118841             0             0             0             0             0             0 
   185    0.00413622   -0.00380943             0    0.00794565             0             0             0             0             0             0 
   192   -0.00176537   -0.00120027             0  -0.000565099             0             0             0             0             0             0 
   193    -0.0100551     0.0363894             0    -0.0464444             0             0             0             0             0             0 
   194   -0.00873837    0.00641499             0    -0.0151534             0             0             0             0             0             0 
   195     0.0036306    0.00338241             0   0.000248188             0             0             0             0             0             0 
   196    -0.0140724    -0.0232048             0    0.00913244             0             0             0             0             0             0 
   197   -0.00714658     0.0122069             0    -0.0193535             0             0             0             0             0             0 
   198    0.00265149    0.00247525             0   0.000176249             0             0             0             0             0             0 
   199     0.0049743    -0.0195038             0     0.0244781             0             0             0             0             0             0 
   200   -0.00567898    -0.0107886             0    0.00510958             0             0             0             0             0             0 
   201    0.00392778    0.00376533             0   0.000162447             0             0             0             0             0             0 
   202    0.00114826   -0.00360312             0    0.00475138             0             0             0             0             0             0 
   203    -0.0111232   -0.00386374             0   -0.00725943             0             0             0             0             0             0 
   204    0.00470613    0.00445859             0   0.000247547             0             0             0             0             0             0 
   205   -0.00340636   -0.00192182             0   -0.00148454             0             0             0             0             0             0 
   206   -0.00233702   -0.00684073             0    0.00450371             0             0             0             0             0             0 
   213   0.000283261   0.000799912             0  -0.000516651             0             0             0             0             0             0 
   214     -0.006344     0.0185991             0    -0.0249431             0             0             0             0             0             0 
   215    -0.0145096     0.0126565             0    -0.0271661             0             0             0             0             0             0 
   216     0.0012031   0.000819689             0   0.000383412             0             0             0             0             0             0 
   217    -0.0010355    -0.0160877             0     0.0150522             0             0             0             0             0             0 
   218     -0.013635   -0.00640777             0   -0.00722725             0             0             0             0             0             0 
   219   -0.00405699   -0.00415942             0   0.000102428             0             0             0             0             0             0 
   220     0.0247751   -0.00770952             0     0.0324846             0             0             0             0             0             0 
   221   -0.00335503    -0.0360375             0     0.0326824             0             0             0             0             0             0 
   222   0.000937576   0.000947631             0  -1.00548e-05             0             0             0             0             0             0 
   223    0.00635881   0.000314421             0    0.00604439             0             0             0             0             0             0 
   224   -0.00757278    0.00770418             0     -0.015277             0             0             0             0             0             0 
   225    0.00488243    0.00462876             0   0.000253667             0             0             0             0             0             0 
   226  -0.000839169   -0.00332753             0    0.00248836             0             0             0             0             0             0 
   227   -0.00885298   -0.00364123             0   -0.00521175             0             0             0             0             0             0 
   234  -0.000614608  -0.000253413             0  -0.000361196             0             0             0             0             0             0 
   235  -0.000458894    0.00264916             0   -0.00310806             0             0             0             0             0             0 
   236     -0.011787    0.00804058             0    -0.0198276             0             0             0             0             0             0 
   237   0.000188746  -5.82141e-05             0    0.00024696             0             0             0             0             0             0 
   238    0.00250181   -0.00288763             0    0.00538944             0             0             0             0             0             0 
   239   -0.00970745    -0.0148203             0     0.0051129             0             0             0             0             0             0 
   240     0.0034183    0.00346628             0   -4.7976e-05             0             0             0             0             0             0 
   241    0.00646127   -0.00103884             0     0.0075001             0             0             0             0             0             0 
   242     0.0101894    -0.0353812             0     0.0455705             0             0             0             0             0             0 
   243  -0.000158905  -0.000297701             0   0.000138797             0             0             0             0             0             0 
   244   0.000337723    0.00559108             0   -0.00525336             0             0             0             0             0             0 
   245    0.00215058     0.0264617             0    -0.0243111             0             0             0             0             0             0 
   246   -0.00328056   -0.00360833             0   0.000327773             0             0             0             0             0             0 
   247    0.00624478    0.00206622             0    0.00417856             0             0             0             0             0             0 
   248   -0.00483284   -0.00220002             0   -0.00263282             0             0             0             0             0             0 
   255  -0.000997222  -0.000526035             0  -0.000471187             0             0             0             0             0             0 
   256   0.000448568    0.00530737             0   -0.00485881             0             0             0             0             0             0 
   257    -0.0060364    0.00501995             0    -0.0110564             0             0             0             0             0             0 
   258   0.000365501   0.000244038             0   0.000121463             0             0             0             0             0             0 
   259  -0.000233889   -0.00587169             0     0.0056378             0             0             0             0             0             0 
   260   -0.00399124    -0.0108827             0    0.00689146             0             0             0             0             0             0 
   261    0.00374783    0.00378374             0  -3.59147e-05             0             0             0             0             0             0 
   262  -6.15774e-05   -0.00519434             0    0.00513277             0             0             0             0             0             0 
   263    0.00801464    -0.0133107             0     0.0213253             0             0             0             0             0             0 
   264  -0.000360206  -0.000749539             0   0.000389333             0             0             0             0             0             0 
   265    -0.0034946    0.00629476             0   -0.00978936             0             0             0             0             0             0 
   266  -0.000173895     0.0265381             0     -0.026712             0             0             0             0             0             0 
   267   -0.00365669   -0.00413542             0   0.000478732             0             0             0             0             0             0 
   268     0.0064096   0.000908624             0    0.00550098             0             0             0             0             0             0 
   269   0.000440156   -0.00900719             0    0.00944734             0             0             0             0             0             0 
   318  -0.000381791  -0.000219367             0  -0.000162424             0             0             0             0             0             0 
   319   -0.00398657     0.0108522             0    -0.0148387             0             0             0             0             0             0 
   320   -0.00141636   -0.00145217             0    3.5813e-05             0             0             0             0             0             0 
   321    0.00137546    0.00134807             0   2.73894e-05             0             0             0             0             0             0 
   322   -0.00681437   -0.00572481             0   -0.00108956             0             0             0             0             0             0 
   323   -0.00106094    0.00345492             0   -0.00451586             0             0             0             0             0             0 
   324    0.00249866    0.00246611             0   3.25516e-05             0             0             0             0             0             0 
   325   -0.00505516   -0.00493135             0  -0.000123815             0             0             0             0             0             0 
   326    0.00196644   -0.00292506             0    0.00489149             0             0             0             0             0             0 
   327    0.00249619    0.00237803             0   0.000118152             0             0             0             0             0             0 
   328    -0.0059122   -0.00177054             0   -0.00414167             0             0             0             0             0             0 
   329    0.00719313   -0.00155181             0    0.00874494             0             0             0             0             0             0 
   330      0.001081   0.000968191             0    0.00011281             0             0             0             0             0             0 
   331   -0.00366484  -0.000105479             0   -0.00355937             0             0             0             0             0             0 
   332    0.00693249   -0.00135214             0    0.00828463             0             0             0             0             0             0 
   339    0.00107058    0.00150747             0  -0.000436882             0             0             0             0             0             0 
   340     -0.015311     0.0340228             0    -0.0493338             0             0             0             0             0             0 
   341    -0.0028618   -0.00292374             0   6.19427e-05             0             0             0             0             0             0 
   342    0.00878633    0.00870339             0   8.29415e-05             0             0             0             0             0             0 
   343    -0.0266992    -0.0272941             0   0.000594976             0             0             0             0             0             0 
   344    0.00311747    0.00549917             0    -0.0023817             0             0             0             0             0             0 
   345    0.00288326    0.00268094             0    0.00020232             0             0             0             0             0             0 
   346    0.00166971    -0.0262521             0     0.0279218             0             0             0             0             0             0 
   347    0.00521956    0.00504713             0   0.000172431             0             0             0             0             0             0 
   348    0.00693772    0.00682249             0   0.000115225             0             0             0             0             0             0 
   349   -0.00755506   -0.00857391             0    0.00101885             0             0             0             0             0             0 
   350   0.000866307   1.09134e-05             0   0.000855394             0             0             0             0             0             0 
   351     0.0113034      0.011076             0   0.000227353             0             0             0             0             0             0 
   352    -0.0194646    -0.0117238             0   -0.00774083             0             0             0             0             0             0 
   353    0.00954944   -0.00597349             0     0.0155229             0             0             0             0             0             0 
   360    0.00247139    0.00284782             0  -0.000376433             0             0             0             0             0             0 
   361   -0.00927431     0.0186333             0    -0.0279076             0             0             0             0             0             0 
   362   -0.00472759  -0.000638387             0   -0.00408921             0             0             0             0             0             0 
   363     0.0036326     0.0033898             0   0.000242809             0             0             0             0             0             0 
   364   -0.00639207    -0.0216533             0     0.0152612             0             0             0             0             0             0 
   365    0.00180188    0.00302983             0   -0.00122794             0             0             0             0             0             0 
   366   -0.00911078    -0.0092902             0   0.000179414             0             0             0             0             0             0 
   367      0.028099    -0.0130101             0     0.0411091             0             0             0             0             0             0 
   368    0.00621976  -0.000481329             0    0.00670108             0             0             0             0             0             0 
   369    0.00302548    0.00299659             0   2.88892e-05             0             0             0             0             0             0 
   370    0.00192838   -0.00504832             0     0.0069767             0             0             0             0             0             0 
   371   -0.00380788    0.00530035             0   -0.00910823             0             0             0             0             0             0 
   372    0.00435352    0.00403141             0   0.000322111             0             0             0             0             0             0 
   373   0.000457729   -0.00298822             0    0.00344595             0             0             0             0             0             0 
   374    0.00119579   -0.00785009             0    0.00904588             0             0             0             0             0             0 
   381   0.000384505   0.000542288             0  -0.000157783             0             0             0             0             0             0 
   382  -0.000426712    0.00151832             0   -0.00194503             0             0             0             0             0             0 
   383   -0.00363851   0.000459123             0   -0.00409763             0             0             0             0             0             0 
   384  -0.000763746   -0.00086744             0   0.000103694             0             0             0             0             0             0 
   385    0.00376538   -0.00200901             0    0.00577439             0             0             0             0             0             0 
   386    -0.0021468    -0.0030577             0   0.000910898             0             0             0             0             0             0 
   387   -0.00131491   -0.00129635             0  -1.85639e-05             0             0             0             0             0             0 
   388     0.0080878     0.0018693             0    0.00621851             0             0             0             0             0             0 
   389    0.00534429   -0.00805577             0     0.0134001             0             0             0             0             0             0 
   390   -0.00228375    -0.0024012             0   0.000117455             0             0             0             0             0             0 
   391    0.00301835    0.00428005             0   -0.00126169             0             0             0             0             0             0 
   392  -0.000215271     0.0147034             0    -0.0149187             0             0             0             0             0             0 
   393    -0.0125757    -0.0128844             0   0.000308724             0             0             0             0             0             0 
   394     0.0226562      0.013101             0    0.00955528             0             0             0             0             0             0 
   395  -0.000453661   -0.00789623             0    0.00744257             0             0             0             0             0             0 
   402  -0.000227607  -1.51614e-05             0  -0.000212446             0             0             0             0             0             0 
   403   0.000974306     0.0018841             0  -0.000909792             0             0             0             0             0             0 
   404   -0.00161131   0.000392236             0   -0.00200355             0             0             0             0             0             0 
   405   0.000104739   8.72378e-05             0   1.75017e-05             0             0             0             0             0             0 
   406   0.000743848   -0.00220402             0    0.00294787             0             0             0             0             0             0 
   407  -0.000572164   -0.00357269             0    0.00300053             0             0             0             0             0             0 
   408    0.00117585    0.00117371             0   2.13395e-06             0             0             0             0             0             0 
   409    0.00118725  -0.000270642             0     0.0014579             0             0             0             0             0             0 
   410    0.00438973   -0.00241608             0    0.00680581             0             0             0             0             0             0 
   411   -0.00215456   -0.00240463             0   0.000250075             0             0             0             0             0             0 
   412   -0.00285498    0.00227971             0   -0.00513469             0             0             0             0             0             0 
   413   0.000717885     0.0130754             0    -0.0123575             0             0             0             0             0             0 
   414   -0.00461908   -0.00489759             0   0.000278511             0             0             0             0             0             0 
   415    0.00327505   0.000262829             0    0.00301222             0             0             0             0             0             0 
   416    0.00490803   -0.00902181             0     0.0139298             0             0             0             0             0             0 
