#varID         total       dxdbVol      dxdbSurf          dSdb          dndb    dxdbDirect          dVdb      distance       options          dvdb
   171   -0.00221849   -0.00175246             0  -0.000466029             0             0             0             0             0             0 
   172    0.00282249     0.0125995             0   -0.00977701             0             0             0             0             0             0 
   173    -0.0233604     0.0448776             0     -0.068238             0             0             0             0             0             0 
   174   0.000462721   0.000295472             0   0.000167249             0             0             0             0             0             0 
   175   -0.00101636   -0.00121196             0   0.000195605             0             0             0             0             0             0 
   176     -0.017958    -0.0132892             0   -0.00466875             0             0             0             0             0             0 
   177    0.00671002    0.00659202             0   0.000118005             0             0             0             0             0             0 
   178    -0.0119907   -0.00199217             0   -0.00999851             0             0             0             0             0             0 
   179   -0.00475572    -0.0489462             0     0.0441904             0             0             0             0             0             0 
   180    0.00820733     0.0077305             0   0.000476826             0             0             0             0             0             0 
   181    -0.0176433    0.00608979             0    -0.0237331             0             0             0             0             0             0 
   182    0.00234923    -0.0621165             0     0.0644658             0             0             0             0             0             0 
   183    0.00153092     0.0013037             0   0.000227218             0             0             0             0             0             0 
   184   -0.00909324   0.000921381             0    -0.0100146             0             0             0             0             0             0 
   185    0.00826602    -0.0192794             0     0.0275454             0             0             0             0             0             0 
   192   -0.00385635   -0.00316054             0  -0.000695816             0             0             0             0             0             0 
   193   -0.00140015     0.0425789             0    -0.0439791             0             0             0             0             0             0 
   194     -0.023386     0.0625302             0    -0.0859162             0             0             0             0             0             0 
   195  -0.000145702  -0.000387428             0   0.000241726             0             0             0             0             0             0 
   196   -0.00111272    -0.0127996             0     0.0116869             0             0             0             0             0             0 
   197    -0.0240513    -0.0129483             0     -0.011103             0             0             0             0             0             0 
   198     0.0110857     0.0108525             0   0.000233182             0             0             0             0             0             0 
   199   0.000274589    -0.0216021             0     0.0218767             0             0             0             0             0             0 
   200    -0.0228184    -0.0483906             0     0.0255723             0             0             0             0             0             0 
   201     0.0254644     0.0248567             0   0.000607771             0             0             0             0             0             0 
   202    -0.0166399   0.000780197             0    -0.0174201             0             0             0             0             0             0 
   203    -0.0118533    -0.0700687             0     0.0582155             0             0             0             0             0             0 
   204     0.0140789     0.0137155             0   0.000363439             0             0             0             0             0             0 
   205    -0.0190516   -0.00746777             0    -0.0115839             0             0             0             0             0             0 
   206     0.0126685    -0.0306463             0     0.0433148             0             0             0             0             0             0 
   213   -0.00245528    -0.0017763             0  -0.000678978             0             0             0             0             0             0 
   214  -0.000361703     0.0283438             0    -0.0287055             0             0             0             0             0             0 
   215    -0.0250613     0.0838856             0     -0.108947             0             0             0             0             0             0 
   216  -5.83535e-05  -0.000321716             0   0.000263363             0             0             0             0             0             0 
   217    0.00206311    -0.0194659             0     0.0215291             0             0             0             0             0             0 
   218     -0.025925    -0.0173128             0    -0.0086122             0             0             0             0             0             0 
   219     0.0065299    0.00645409             0   7.58078e-05             0             0             0             0             0             0 
   220    0.00854279    -0.0238046             0     0.0323474             0             0             0             0             0             0 
   221    -0.0327575    -0.0611224             0     0.0283649             0             0             0             0             0             0 
   222     0.0280986     0.0275379             0   0.000560712             0             0             0             0             0             0 
   223   -0.00281605    -0.0101748             0    0.00735874             0             0             0             0             0             0 
   224    -0.0313165    -0.0935762             0     0.0622597             0             0             0             0             0             0 
   225     0.0183031     0.0178225             0    0.00048062             0             0             0             0             0             0 
   226   0.000849333   -0.00627488             0    0.00712421             0             0             0             0             0             0 
   227    0.00559533    -0.0526769             0     0.0582722             0             0             0             0             0             0 
   234   -0.00144507  -0.000904845             0  -0.000540224             0             0             0             0             0             0 
   235    0.00150234    0.00744545             0   -0.00594311             0             0             0             0             0             0 
   236    -0.0168311      0.066438             0    -0.0832691             0             0             0             0             0             0 
   237  -0.000149766  -0.000156199             0   6.43299e-06             0             0             0             0             0             0 
   238    0.00263512   0.000957863             0    0.00167726             0             0             0             0             0             0 
   239    -0.0141983   -0.00623826             0   -0.00796009             0             0             0             0             0             0 
   240    0.00217386    0.00237144             0  -0.000197578             0             0             0             0             0             0 
   241   0.000940615    0.00028588             0   0.000654735             0             0             0             0             0             0 
   242    -0.0175586    -0.0410068             0     0.0234482             0             0             0             0             0             0 
   243     0.0125538     0.0120453             0   0.000508434             0             0             0             0             0             0 
   244    0.00449213   -0.00350935             0    0.00800148             0             0             0             0             0             0 
   245    -0.0229049    -0.0773037             0     0.0543987             0             0             0             0             0             0 
   246   0.000954245   0.000349192             0   0.000605053             0             0             0             0             0             0 
   247     0.0106148   -0.00328685             0     0.0139017             0             0             0             0             0             0 
   248     0.0267138    -0.0363819             0     0.0630957             0             0             0             0             0             0 
   255  -0.000941736  -0.000312934             0  -0.000628802             0             0             0             0             0             0 
   256    0.00355408     0.0149882             0    -0.0114341             0             0             0             0             0             0 
   257   -0.00551516     0.0452457             0    -0.0507608             0             0             0             0             0             0 
   258  -0.000173752    3.8657e-05             0  -0.000212409             0             0             0             0             0             0 
   259    0.00439442     0.0138678             0   -0.00947334             0             0             0             0             0             0 
   260   -0.00400655     0.0122815             0     -0.016288             0             0             0             0             0             0 
   261  -0.000536659  -0.000250037             0  -0.000286622             0             0             0             0             0             0 
   262    0.00224041     0.0132418             0    -0.0110014             0             0             0             0             0             0 
   263   -0.00512782   -0.00384618             0   -0.00128164             0             0             0             0             0             0 
   264    0.00276725     0.0020623             0   0.000704955             0             0             0             0             0             0 
   265     0.0144369   -0.00428291             0     0.0187198             0             0             0             0             0             0 
   266   -0.00142568    -0.0424362             0     0.0410106             0             0             0             0             0             0 
   267   -0.00308714     -0.003895             0   0.000807858             0             0             0             0             0             0 
   268    0.00609723    -0.0259891             0     0.0320863             0             0             0             0             0             0 
   269     0.0501101     -0.017777             0     0.0678871             0             0             0             0             0             0 
   318  -0.000617446  -0.000444208             0  -0.000173237             0             0             0             0             0             0 
   319   -0.00160111     0.0144976             0    -0.0160987             0             0             0             0             0             0 
   320   -0.00417501    0.00840524             0    -0.0125802             0             0             0             0             0             0 
   321   0.000185329   0.000156419             0   2.89102e-05             0             0             0             0             0             0 
   322   -0.00305315   -0.00142739             0   -0.00162576             0             0             0             0             0             0 
   323   -0.00222314  -3.27433e-05             0   -0.00219039             0             0             0             0             0             0 
   324    0.00305917    0.00303263             0   2.65392e-05             0             0             0             0             0             0 
   325   -0.00514127   -0.00312839             0   -0.00201288             0             0             0             0             0             0 
   326  -0.000848464   -0.00917414             0    0.00832568             0             0             0             0             0             0 
   327    0.00599927    0.00584563             0   0.000153636             0             0             0             0             0             0 
   328    -0.0151474   0.000893653             0    -0.0160411             0             0             0             0             0             0 
   329    0.00687079    -0.0201599             0     0.0270307             0             0             0             0             0             0 
   330    0.00252084    0.00242255             0   9.82884e-05             0             0             0             0             0             0 
   331    -0.0140767   -0.00402983             0    -0.0100469             0             0             0             0             0             0 
   332     0.0137307   -0.00501532             0      0.018746             0             0             0             0             0             0 
   339  -0.000304723   0.000112522             0  -0.000417246             0             0             0             0             0             0 
   340   -0.00750348     0.0498781             0    -0.0573816             0             0             0             0             0             0 
   341    -0.0046327     0.0124902             0    -0.0171229             0             0             0             0             0             0 
   342    0.00269206    0.00256494             0   0.000127116             0             0             0             0             0             0 
   343    -0.0118439    -0.0171184             0    0.00527448             0             0             0             0             0             0 
   344    0.00423822    0.00635453             0    -0.0021163             0             0             0             0             0             0 
   345    0.00588054    0.00567155             0   0.000208992             0             0             0             0             0             0 
   346   -0.00228438    -0.0336146             0     0.0313302             0             0             0             0             0             0 
   347   0.000537684   0.000969699             0  -0.000432015             0             0             0             0             0             0 
   348     0.0257111      0.025417             0   0.000294108             0             0             0             0             0             0 
   349     -0.028517    -0.0150548             0    -0.0134623             0             0             0             0             0             0 
   350    0.00811267    -0.0266731             0     0.0347858             0             0             0             0             0             0 
   351     0.0228006     0.0225308             0   0.000269846             0             0             0             0             0             0 
   352    -0.0433072    -0.0278489             0    -0.0154583             0             0             0             0             0             0 
   353     0.0398696   -0.00777747             0     0.0476471             0             0             0             0             0             0 
   360    0.00149102    0.00183709             0  -0.000346079             0             0             0             0             0             0 
   361   -0.00239354     0.0341249             0    -0.0365185             0             0             0             0             0             0 
   362   -0.00749989     0.0184898             0    -0.0259897             0             0             0             0             0             0 
   363    0.00151815    0.00130141             0   0.000216748             0             0             0             0             0             0 
   364   -0.00131589    -0.0260213             0     0.0247054             0             0             0             0             0             0 
   365   0.000661448    0.00373889             0   -0.00307744             0             0             0             0             0             0 
   366   0.000426572   0.000304243             0   0.000122329             0             0             0             0             0             0 
   367    0.00763344    -0.0383223             0     0.0459557             0             0             0             0             0             0 
   368   -0.00349647   -0.00164613             0   -0.00185034             0             0             0             0             0             0 
   369     0.0236542     0.0234015             0   0.000252706             0             0             0             0             0             0 
   370   -0.00736337    -0.0174513             0      0.010088             0             0             0             0             0             0 
   371   -0.00972672    -0.0474996             0     0.0377729             0             0             0             0             0             0 
   372    0.00347231    0.00312158             0   0.000350734             0             0             0             0             0             0 
   373    0.00549218   -0.00462111             0     0.0101133             0             0             0             0             0             0 
   374     0.0360883    -0.0269316             0     0.0630199             0             0             0             0             0             0 
   381    0.00017217    0.00033605             0  -0.000163881             0             0             0             0             0             0 
   382    0.00103422    0.00414532             0    -0.0031111             0             0             0             0             0             0 
   383   -0.00521798     0.0166805             0    -0.0218985             0             0             0             0             0             0 
   384  -0.000587162  -0.000621907             0   3.47441e-05             0             0             0             0             0             0 
   385     0.0037483   -0.00248838             0    0.00623668             0             0             0             0             0             0 
   386   -0.00357903  -0.000188048             0   -0.00339098             0             0             0             0             0             0 
   387   0.000592258   0.000692418             0   -0.00010016             0             0             0             0             0             0 
   388    0.00292807   -0.00204098             0    0.00496905             0             0             0             0             0             0 
   389   -0.00889594    -0.0094745             0   0.000578557             0             0             0             0             0             0 
   390    0.00644285     0.0062521             0   0.000190752             0             0             0             0             0             0 
   391    0.00693758   0.000316743             0    0.00662083             0             0             0             0             0             0 
   392    -0.0105261    -0.0390598             0     0.0285337             0             0             0             0             0             0 
   393     -0.018104    -0.0184836             0   0.000379637             0             0             0             0             0             0 
   394     0.0345128     0.0199704             0     0.0145424             0             0             0             0             0             0 
   395     0.0363164    -0.0146723             0     0.0509886             0             0             0             0             0             0 
   402  -0.000135124    7.3776e-05             0    -0.0002089             0             0             0             0             0             0 
   403    0.00222292    0.00335599             0   -0.00113307             0             0             0             0             0             0 
   404   -0.00176597     0.0106871             0    -0.0124531             0             0             0             0             0             0 
   405    0.00013955   0.000186691             0  -4.71415e-05             0             0             0             0             0             0 
   406     0.0027912    0.00449139             0    -0.0017002             0             0             0             0             0             0 
   407  -0.000663234    0.00278839             0   -0.00345162             0             0             0             0             0             0 
   408   0.000666689    0.00076867             0  -0.000101981             0             0             0             0             0             0 
   409   0.000136874    0.00495056             0   -0.00481369             0             0             0             0             0             0 
   410   -0.00481544   -0.00150797             0   -0.00330746             0             0             0             0             0             0 
   411    0.00230144    0.00202541             0    0.00027603             0             0             0             0             0             0 
   412     0.0029103   -0.00219176             0    0.00510207             0             0             0             0             0             0 
   413  -0.000685935    -0.0208988             0     0.0202128             0             0             0             0             0             0 
   414   -0.00435366   -0.00475019             0   0.000396527             0             0             0             0             0             0 
   415    0.00920234   -0.00481808             0     0.0140204             0             0             0             0             0             0 
   416     0.0343049   -0.00967698             0     0.0439819             0             0             0             0             0             0 
