#varID         total       dxdbVol      dxdbSurf          dSdb          dndb    dxdbDirect          dVdb      distance       options          dvdb
   171   -0.00334191   -0.00290976             0  -0.000432142             0             0             0             0             0             0 
   172    0.00192018     0.0125916             0    -0.0106715             0             0             0             0             0             0 
   173    -0.0215923     0.0318985             0    -0.0534908             0             0             0             0             0             0 
   174   0.000299359   0.000126967             0   0.000172392             0             0             0             0             0             0 
   175   -0.00126341   -0.00173985             0   0.000476434             0             0             0             0             0             0 
   176    -0.0177955    -0.0109067             0   -0.00688883             0             0             0             0             0             0 
   177    0.00745531     0.0073439             0   0.000111404             0             0             0             0             0             0 
   178    -0.0108251   -0.00219068             0   -0.00863445             0             0             0             0             0             0 
   179   -0.00742462    -0.0439534             0     0.0365288             0             0             0             0             0             0 
   180    0.00843062    0.00798536             0   0.000445261             0             0             0             0             0             0 
   181    -0.0161472    0.00281144             0    -0.0189586             0             0             0             0             0             0 
   182    0.00843385    -0.0448153             0     0.0532492             0             0             0             0             0             0 
   183    0.00189288    0.00166293             0   0.000229951             0             0             0             0             0             0 
   184   -0.00830135  -0.000527735             0   -0.00777362             0             0             0             0             0             0 
   185      0.013172    -0.0104767             0     0.0236487             0             0             0             0             0             0 
   192   -0.00484518   -0.00418034             0  -0.000664836             0             0             0             0             0             0 
   193   -0.00342305     0.0435492             0    -0.0469722             0             0             0             0             0             0 
   194    -0.0261797     0.0430047             0    -0.0691844             0             0             0             0             0             0 
   195   0.000751519   0.000492788             0    0.00025873             0             0             0             0             0             0 
   196   -0.00341308    -0.0148706             0     0.0114575             0             0             0             0             0             0 
   197    -0.0249074    -0.0135808             0    -0.0113266             0             0             0             0             0             0 
   198    0.00852245     0.0083277             0   0.000194745             0             0             0             0             0             0 
   199    0.00227578    -0.0229183             0     0.0251941             0             0             0             0             0             0 
   200    -0.0213689    -0.0404663             0     0.0190975             0             0             0             0             0             0 
   201     0.0203688     0.0198818             0    0.00048703             0             0             0             0             0             0 
   202    -0.0137017   -0.00206757             0    -0.0116341             0             0             0             0             0             0 
   203   -0.00976929    -0.0512513             0      0.041482             0             0             0             0             0             0 
   204     0.0126757      0.012322             0   0.000353709             0             0             0             0             0             0 
   205    -0.0172382   -0.00821027             0   -0.00902795             0             0             0             0             0             0 
   206     0.0123018    -0.0223577             0     0.0346595             0             0             0             0             0             0 
   213   -0.00376763   -0.00312385             0  -0.000643777             0             0             0             0             0             0 
   214   -0.00236391     0.0276333             0    -0.0299972             0             0             0             0             0             0 
   215    -0.0347163     0.0579234             0    -0.0926397             0             0             0             0             0             0 
   216   0.000826655   0.000521792             0   0.000304863             0             0             0             0             0             0 
   217    0.00223465     -0.019322             0     0.0215566             0             0             0             0             0             0 
   218    -0.0336107    -0.0290526             0    -0.0045581             0             0             0             0             0             0 
   219     0.0027315    0.00270541             0   2.60994e-05             0             0             0             0             0             0 
   220     0.0135699    -0.0213887             0     0.0349587             0             0             0             0             0             0 
   221    -0.0330103     -0.063451             0     0.0304407             0             0             0             0             0             0 
   222     0.0194535     0.0190993             0   0.000354289             0             0             0             0             0             0 
   223  -0.000276039   -0.00828024             0     0.0080042             0             0             0             0             0             0 
   224    -0.0261231    -0.0655662             0     0.0394431             0             0             0             0             0             0 
   225     0.0128258     0.0123659             0   0.000459891             0             0             0             0             0             0 
   226    0.00459974   -0.00132779             0    0.00592752             0             0             0             0             0             0 
   227    0.00934883    -0.0331743             0     0.0425231             0             0             0             0             0             0 
   234   -0.00307654   -0.00256412             0  -0.000512421             0             0             0             0             0             0 
   235   0.000322084    0.00669183             0   -0.00636975             0             0             0             0             0             0 
   236    -0.0284046     0.0439908             0    -0.0723954             0             0             0             0             0             0 
   237   0.000823083   0.000760345             0   6.27381e-05             0             0             0             0             0             0 
   238    0.00142708   -0.00136526             0    0.00279234             0             0             0             0             0             0 
   239    -0.0283429    -0.0271904             0   -0.00115257             0             0             0             0             0             0 
   240    0.00362316    0.00383097             0  -0.000207812             0             0             0             0             0             0 
   241   -0.00153378   -0.00361956             0    0.00208578             0             0             0             0             0             0 
   242    -0.0294786    -0.0616801             0     0.0322015             0             0             0             0             0             0 
   243    0.00896543    0.00860173             0   0.000363705             0             0             0             0             0             0 
   244   0.000749123   -0.00475801             0    0.00550713             0             0             0             0             0             0 
   245    -0.0196614    -0.0501647             0     0.0305032             0             0             0             0             0             0 
   246  -0.000548052   -0.00116728             0   0.000619228             0             0             0             0             0             0 
   247     0.0222449    0.00982574             0     0.0124191             0             0             0             0             0             0 
   248     0.0388162    -0.0100639             0     0.0488801             0             0             0             0             0             0 
   255   -0.00194435   -0.00133438             0  -0.000609974             0             0             0             0             0             0 
   256  -0.000828783     0.0105312             0    -0.0113599             0             0             0             0             0             0 
   257    -0.0154995     0.0289822             0    -0.0444817             0             0             0             0             0             0 
   258    0.00106352    0.00121055             0  -0.000147032             0             0             0             0             0             0 
   259   -0.00575099   0.000442744             0   -0.00619373             0             0             0             0             0             0 
   260    -0.0190237    -0.0101015             0   -0.00892225             0             0             0             0             0             0 
   261    0.00383616    0.00409931             0  -0.000263154             0             0             0             0             0             0 
   262    -0.0166421   -0.00787701             0   -0.00876507             0             0             0             0             0             0 
   263     -0.026913    -0.0333234             0    0.00641044             0             0             0             0             0             0 
   264    0.00515799    0.00453973             0   0.000618263             0             0             0             0             0             0 
   265  -0.000895301    -0.0120175             0     0.0111222             0             0             0             0             0             0 
   266   -0.00694667    -0.0280823             0     0.0211357             0             0             0             0             0             0 
   267   -0.00207279   -0.00291233             0   0.000839545             0             0             0             0             0             0 
   268      0.029576   0.000923629             0     0.0286523             0             0             0             0             0             0 
   269     0.0558628    -0.0035935             0     0.0594563             0             0             0             0             0             0 
   318  -0.000760513  -0.000588801             0  -0.000171713             0             0             0             0             0             0 
   319   -0.00237538     0.0142688             0    -0.0166442             0             0             0             0             0             0 
   320   -0.00394358    0.00544966             0   -0.00939324             0             0             0             0             0             0 
   321   0.000495691   0.000464317             0   3.13745e-05             0             0             0             0             0             0 
   322   -0.00410592    -0.0023081             0   -0.00179782             0             0             0             0             0             0 
   323   -0.00210222   0.000310903             0   -0.00241312             0             0             0             0             0             0 
   324    0.00327865    0.00324925             0    2.9405e-05             0             0             0             0             0             0 
   325   -0.00511633   -0.00381831             0   -0.00129801             0             0             0             0             0             0 
   326  -0.000816354   -0.00858356             0    0.00776721             0             0             0             0             0             0 
   327     0.0060288    0.00587654             0    0.00015226             0             0             0             0             0             0 
   328    -0.0140876  -0.000983071             0    -0.0131046             0             0             0             0             0             0 
   329    0.00955217     -0.014087             0     0.0236391             0             0             0             0             0             0 
   330    0.00301662    0.00290754             0   0.000109084             0             0             0             0             0             0 
   331    -0.0131183    -0.0046986             0   -0.00841966             0             0             0             0             0             0 
   332     0.0151968   -0.00163074             0     0.0168275             0             0             0             0             0             0 
   339  -0.000138771   0.000282852             0  -0.000421623             0             0             0             0             0             0 
   340     -0.010438      0.048671             0     -0.059109             0             0             0             0             0             0 
   341   -0.00543456    0.00778157             0    -0.0132161             0             0             0             0             0             0 
   342    0.00475503    0.00462511             0   0.000129922             0             0             0             0             0             0 
   343    -0.0162594    -0.0204838             0    0.00422436             0             0             0             0             0             0 
   344    0.00423123    0.00577932             0   -0.00154808             0             0             0             0             0             0 
   345     0.0049723    0.00477454             0   0.000197752             0             0             0             0             0             0 
   346    -0.0013141    -0.0347106             0     0.0333965             0             0             0             0             0             0 
   347    0.00173838    0.00217056             0  -0.000432178             0             0             0             0             0             0 
   348     0.0216224     0.0213711             0    0.00025128             0             0             0             0             0             0 
   349    -0.0247966    -0.0156368             0   -0.00915977             0             0             0             0             0             0 
   350     0.0067955    -0.0204059             0     0.0272014             0             0             0             0             0             0 
   351     0.0212188     0.0209317             0   0.000287076             0             0             0             0             0             0 
   352    -0.0396549    -0.0267554             0    -0.0128995             0             0             0             0             0             0 
   353     0.0354052    -0.0052664             0     0.0406716             0             0             0             0             0             0 
   360    0.00165213    0.00200282             0  -0.000350691             0             0             0             0             0             0 
   361   -0.00526735     0.0318382             0    -0.0371055             0             0             0             0             0             0 
   362   -0.00962325     0.0123858             0     -0.022009             0             0             0             0             0             0 
   363    0.00233266    0.00210617             0   0.000226488             0             0             0             0             0             0 
   364   -0.00188586    -0.0259411             0     0.0240553             0             0             0             0             0             0 
   365  -0.000492679     0.0010446             0   -0.00153728             0             0             0             0             0             0 
   366   -0.00337411   -0.00347512             0   0.000101018             0             0             0             0             0             0 
   367     0.0137697    -0.0341533             0      0.047923             0             0             0             0             0             0 
   368   -0.00294668   -0.00369521             0   0.000748523             0             0             0             0             0             0 
   369     0.0169805     0.0168039             0   0.000176586             0             0             0             0             0             0 
   370   -0.00391771    -0.0141159             0     0.0101982             0             0             0             0             0             0 
   371   -0.00910914    -0.0346432             0      0.025534             0             0             0             0             0             0 
   372  -0.000590826  -0.000986355             0   0.000395529             0             0             0             0             0             0 
   373     0.0107875    0.00255584             0    0.00823168             0             0             0             0             0             0 
   374     0.0375925    -0.0127196             0     0.0503121             0             0             0             0             0             0 
   381   -0.00017005   -5.5227e-06             0  -0.000164527             0             0             0             0             0             0 
   382   0.000331607    0.00360803             0   -0.00327642             0             0             0             0             0             0 
   383   -0.00796058     0.0112437             0    -0.0192043             0             0             0             0             0             0 
   384  -0.000794001  -0.000841166             0   4.71646e-05             0             0             0             0             0             0 
   385    0.00401939   -0.00249648             0    0.00651587             0             0             0             0             0             0 
   386   -0.00716596   -0.00579188             0   -0.00137407             0             0             0             0             0             0 
   387  -0.000425517  -0.000319031             0  -0.000106486             0             0             0             0             0             0 
   388    0.00341956   -0.00200365             0     0.0054232             0             0             0             0             0             0 
   389    -0.0128734     -0.017565             0    0.00469163             0             0             0             0             0             0 
   390    0.00301915    0.00285942             0   0.000159727             0             0             0             0             0             0 
   391    0.00738527     0.0023467             0    0.00503858             0             0             0             0             0             0 
   392   -0.00734045    -0.0237902             0     0.0164497             0             0             0             0             0             0 
   393    -0.0203283     -0.020762             0   0.000433644             0             0             0             0             0             0 
   394     0.0427812     0.0294288             0     0.0133525             0             0             0             0             0             0 
   395     0.0531236    0.00965535             0     0.0434683             0             0             0             0             0             0 
   402  -0.000417039  -0.000204486             0  -0.000212553             0             0             0             0             0             0 
   403   0.000975606    0.00234341             0    -0.0013678             0             0             0             0             0             0 
   404   -0.00433894    0.00664079             0    -0.0109797             0             0             0             0             0             0 
   405   0.000280312   0.000317471             0  -3.71593e-05             0             0             0             0             0             0 
   406  -0.000116432   0.000574796             0  -0.000691228             0             0             0             0             0             0 
   407   -0.00514881   -0.00378088             0   -0.00136793             0             0             0             0             0             0 
   408    0.00113745    0.00123295             0   -9.5498e-05             0             0             0             0             0             0 
   409   -0.00468337  -0.000962118             0   -0.00372125             0             0             0             0             0             0 
   410    -0.0115188    -0.0112366             0  -0.000282209             0             0             0             0             0             0 
   411    0.00250744    0.00223306             0   0.000274381             0             0             0             0             0             0 
   412    0.00118347   -0.00174195             0    0.00292542             0             0             0             0             0             0 
   413    0.00138595     -0.010233             0      0.011619             0             0             0             0             0             0 
   414   -0.00251716    -0.0029523             0   0.000435134             0             0             0             0             0             0 
   415     0.0176814    0.00473154             0     0.0129499             0             0             0             0             0             0 
   416     0.0523422     0.0104096             0     0.0419327             0             0             0             0             0             0 
