#varID         total       dxdbVol      dxdbSurf          dSdb          dndb    dxdbDirect          dVdb      distance       options          dvdb
   171   -0.00247788    -0.0021001             0  -0.000377774             0             0             0             0             0             0 
   172   -0.00057557     0.0125493             0    -0.0131249             0             0             0             0             0             0 
   173    -0.0126909     0.0189757             0    -0.0316666             0             0             0             0             0             0 
   174   0.000623219   0.000449638             0   0.000173581             0             0             0             0             0             0 
   175   -0.00304472   -0.00446127             0    0.00141656             0             0             0             0             0             0 
   176     -0.010679    0.00221787             0    -0.0128969             0             0             0             0             0             0 
   177    0.00745059    0.00734891             0   0.000101676             0             0             0             0             0             0 
   178    -0.0111889   -0.00502455             0   -0.00616436             0             0             0             0             0             0 
   179   -0.00332611    -0.0271901             0      0.023864             0             0             0             0             0             0 
   180    0.00585465    0.00547366             0    0.00038099             0             0             0             0             0             0 
   181    -0.0117525  -0.000100699             0    -0.0116518             0             0             0             0             0             0 
   182    0.00475795    -0.0294245             0     0.0341825             0             0             0             0             0             0 
   183  -5.28134e-05    -0.0002733             0   0.000220487             0             0             0             0             0             0 
   184   -0.00225106    0.00205085             0   -0.00430191             0             0             0             0             0             0 
   185    0.00848709   -0.00807131             0     0.0165584             0             0             0             0             0             0 
   192    -0.0029064   -0.00229804             0  -0.000608359             0             0             0             0             0             0 
   193   -0.00817921     0.0431634             0    -0.0513426             0             0             0             0             0             0 
   194    -0.0182907     0.0239866             0    -0.0422772             0             0             0             0             0             0 
   195    0.00288402    0.00261533             0   0.000268682             0             0             0             0             0             0 
   196   -0.00968627    -0.0212429             0     0.0115566             0             0             0             0             0             0 
   197    -0.0158246  -0.000593906             0    -0.0152307             0             0             0             0             0             0 
   198    0.00528799    0.00512314             0    0.00016485             0             0             0             0             0             0 
   199    0.00406474    -0.0252101             0     0.0292748             0             0             0             0             0             0 
   200    -0.0122222    -0.0216538             0    0.00943157             0             0             0             0             0             0 
   201     0.0107472     0.0104232             0   0.000324041             0             0             0             0             0             0 
   202   -0.00465191   -0.00190523             0   -0.00274667             0             0             0             0             0             0 
   203    -0.0120939    -0.0285619             0      0.016468             0             0             0             0             0             0 
   204    0.00796822     0.0076485             0   0.000319724             0             0             0             0             0             0 
   205   -0.00811448   -0.00303321             0   -0.00508126             0             0             0             0             0             0 
   206    0.00415239    -0.0160943             0     0.0202467             0             0             0             0             0             0 
   213   -0.00120001  -0.000633701             0  -0.000566305             0             0             0             0             0             0 
   214   -0.00520139     0.0257801             0    -0.0309814             0             0             0             0             0             0 
   215    -0.0271122     0.0350759             0    -0.0621881             0             0             0             0             0             0 
   216    0.00169106     0.0013433             0   0.000347766             0             0             0             0             0             0 
   217   0.000803807    -0.0204812             0      0.021285             0             0             0             0             0             0 
   218    -0.0239355     -0.020644             0   -0.00329156             0             0             0             0             0             0 
   219   -0.00348636    -0.0035072             0   2.08442e-05             0             0             0             0             0             0 
   220     0.0211791    -0.0166282             0     0.0378073             0             0             0             0             0             0 
   221    -0.0179957    -0.0494021             0     0.0314064             0             0             0             0             0             0 
   222    0.00742372     0.0072948             0   0.000128913             0             0             0             0             0             0 
   223    0.00430293   -0.00392895             0    0.00823188             0             0             0             0             0             0 
   224    -0.0181449    -0.0264229             0    0.00827802             0             0             0             0             0             0 
   225    0.00872632    0.00835093             0    0.00037539             0             0             0             0             0             0 
   226     0.0029613   -0.00150444             0    0.00446574             0             0             0             0             0             0 
   227  -0.000967833    -0.0185057             0     0.0175378             0             0             0             0             0             0 
   234   -0.00168231   -0.00125076             0  -0.000431543             0             0             0             0             0             0 
   235  -0.000228024    0.00517211             0   -0.00540013             0             0             0             0             0             0 
   236    -0.0221227     0.0263158             0    -0.0484385             0             0             0             0             0             0 
   237   0.000553932   0.000404497             0   0.000149435             0             0             0             0             0             0 
   238    0.00202154   -0.00303767             0     0.0050592             0             0             0             0             0             0 
   239     -0.019661     -0.025901             0    0.00624001             0             0             0             0             0             0 
   240   0.000788885   0.000934842             0  -0.000145957             0             0             0             0             0             0 
   241    0.00206041   -0.00328265             0    0.00534306             0             0             0             0             0             0 
   242    -0.0115142    -0.0535597             0     0.0420455             0             0             0             0             0             0 
   243    0.00136919     0.0011546             0   0.000214591             0             0             0             0             0             0 
   244  -0.000196236  -0.000947065             0   0.000750829             0             0             0             0             0             0 
   245   -0.00687969    -0.0057991             0   -0.00108059             0             0             0             0             0             0 
   246   -0.00114848   -0.00165197             0   0.000503483             0             0             0             0             0             0 
   247     0.0148671    0.00575405             0    0.00911309             0             0             0             0             0             0 
   248     0.0194457   -0.00176551             0     0.0212112             0             0             0             0             0             0 
   255   -0.00146547  -0.000929734             0  -0.000535737             0             0             0             0             0             0 
   256   -0.00047255    0.00793469             0   -0.00840724             0             0             0             0             0             0 
   257    -0.0120663     0.0167936             0    -0.0288599             0             0             0             0             0             0 
   258   0.000797152   0.000815396             0  -1.82441e-05             0             0             0             0             0             0 
   259   -0.00409571   -0.00432437             0   0.000228668             0             0             0             0             0             0 
   260    -0.0121105    -0.0142076             0    0.00209709             0             0             0             0             0             0 
   261    0.00233535    0.00248887             0  -0.000153511             0             0             0             0             0             0 
   262   -0.00990948   -0.00776626             0   -0.00214322             0             0             0             0             0             0 
   263    -0.0103822    -0.0279175             0     0.0175354             0             0             0             0             0             0 
   264    0.00169289    0.00120621             0   0.000486673             0             0             0             0             0             0 
   265   -0.00554019   -0.00448827             0   -0.00105192             0             0             0             0             0             0 
   266   -0.00237277    0.00336087             0   -0.00573364             0             0             0             0             0             0 
   267   -0.00068306   -0.00137381             0   0.000690748             0             0             0             0             0             0 
   268     0.0183985    0.00111196             0     0.0172865             0             0             0             0             0             0 
   269     0.0296188   -0.00315824             0     0.0327771             0             0             0             0             0             0 
   318  -0.000519593  -0.000351213             0   -0.00016838             0             0             0             0             0             0 
   319    -0.0039042     0.0133727             0    -0.0172769             0             0             0             0             0             0 
   320   -0.00244636    0.00191201             0   -0.00435837             0             0             0             0             0             0 
   321    0.00114944    0.00111593             0   3.35107e-05             0             0             0             0             0             0 
   322   -0.00622483   -0.00445066             0   -0.00177417             0             0             0             0             0             0 
   323   -0.00108808     0.0021584             0   -0.00324648             0             0             0             0             0             0 
   324    0.00319457    0.00316194             0   3.26366e-05             0             0             0             0             0             0 
   325   -0.00555832   -0.00524962             0  -0.000308701             0             0             0             0             0             0 
   326    0.00115787   -0.00524291             0    0.00640078             0             0             0             0             0             0 
   327    0.00384504    0.00370517             0   0.000139875             0             0             0             0             0             0 
   328   -0.00966322   -0.00103829             0   -0.00862492             0             0             0             0             0             0 
   329    0.00836094   -0.00876656             0     0.0171275             0             0             0             0             0             0 
   330    0.00163086    0.00151518             0   0.000115677             0             0             0             0             0             0 
   331   -0.00737974   -0.00152951             0   -0.00585023             0             0             0             0             0             0 
   332     0.0111913   -0.00182604             0     0.0130174             0             0             0             0             0             0 
   339   0.000776478    0.00120265             0  -0.000426169             0             0             0             0             0             0 
   340    -0.0151457      0.044989             0    -0.0601347             0             0             0             0             0             0 
   341   -0.00434145    0.00201604             0   -0.00635749             0             0             0             0             0             0 
   342    0.00804004    0.00791247             0    0.00012757             0             0             0             0             0             0 
   343    -0.0238421    -0.0269034             0    0.00306122             0             0             0             0             0             0 
   344    0.00512653    0.00663553             0     -0.001509             0             0             0             0             0             0 
   345    0.00378349     0.0035913             0   0.000192192             0             0             0             0             0             0 
   346   0.000435046    -0.0345035             0     0.0349386             0             0             0             0             0             0 
   347    0.00544132    0.00596136             0  -0.000520042             0             0             0             0             0             0 
   348     0.0133224     0.0131339             0   0.000188517             0             0             0             0             0             0 
   349    -0.0143129    -0.0111134             0   -0.00319955             0             0             0             0             0             0 
   350     0.0029255     -0.011742             0     0.0146676             0             0             0             0             0             0 
   351     0.0163454     0.0160622             0   0.000283189             0             0             0             0             0             0 
   352    -0.0267865    -0.0171559             0   -0.00963058             0             0             0             0             0             0 
   353     0.0209488   -0.00777533             0     0.0287241             0             0             0             0             0             0 
   360     0.0026326    0.00298541             0  -0.000352807             0             0             0             0             0             0 
   361   -0.00835294     0.0283288             0    -0.0366817             0             0             0             0             0             0 
   362   -0.00796719    0.00568277             0      -0.01365             0             0             0             0             0             0 
   363    0.00370562    0.00346772             0   0.000237902             0             0             0             0             0             0 
   364   -0.00437989    -0.0269047             0     0.0225248             0             0             0             0             0             0 
   365    0.00171753     0.0020683             0  -0.000350768             0             0             0             0             0             0 
   366   -0.00857085   -0.00867705             0   0.000106202             0             0             0             0             0             0 
   367     0.0223884    -0.0265725             0     0.0489609             0             0             0             0             0             0 
   368    0.00355582  -0.000576464             0    0.00413228             0             0             0             0             0             0 
   369    0.00832713    0.00823831             0   8.88222e-05             0             0             0             0             0             0 
   370    0.00040121   -0.00917857             0    0.00957979             0             0             0             0             0             0 
   371   -0.00758032    -0.0147953             0    0.00721494             0             0             0             0             0             0 
   372    0.00340287    0.00301469             0    0.00038818             0             0             0             0             0             0 
   373    0.00777024    0.00197567             0    0.00579457             0             0             0             0             0             0 
   374     0.0161603    -0.0132434             0     0.0294037             0             0             0             0             0             0 
   381   0.000227532   0.000384221             0  -0.000156689             0             0             0             0             0             0 
   382  -8.99118e-05    0.00296193             0   -0.00305184             0             0             0             0             0             0 
   383   -0.00632257    0.00621418             0    -0.0125368             0             0             0             0             0             0 
   384  -0.000965301    -0.0010345             0   6.92012e-05             0             0             0             0             0             0 
   385    0.00428124   -0.00266325             0    0.00694449             0             0             0             0             0             0 
   386   -0.00478489   -0.00572181             0    0.00093692             0             0             0             0             0             0 
   387    -0.0025029   -0.00242611             0  -7.67912e-05             0             0             0             0             0             0 
   388    0.00587399  -0.000477438             0    0.00635143             0             0             0             0             0             0 
   389   -0.00469819    -0.0148392             0      0.010141             0             0             0             0             0             0 
   390   -0.00121698   -0.00134605             0   0.000129072             0             0             0             0             0             0 
   391    0.00511622    0.00280685             0    0.00230936             0             0             0             0             0             0 
   392   -0.00263379   -0.00176953             0  -0.000864267             0             0             0             0             0             0 
   393    -0.0146067    -0.0150068             0    0.00040013             0             0             0             0             0             0 
   394     0.0336117     0.0219635             0     0.0116482             0             0             0             0             0             0 
   395     0.0273067    0.00208982             0     0.0252169             0             0             0             0             0             0 
   402  -0.000291561  -8.33337e-05             0  -0.000208228             0             0             0             0             0             0 
   403    0.00100045     0.0021263             0   -0.00112585             0             0             0             0             0             0 
   404   -0.00331885    0.00360899             0   -0.00692784             0             0             0             0             0             0 
   405    0.00017639   0.000190546             0  -1.41562e-05             0             0             0             0             0             0 
   406   0.000222366   -0.00104589             0    0.00126826             0             0             0             0             0             0 
   407   -0.00310095   -0.00470137             0    0.00160042             0             0             0             0             0             0 
   408   0.000410392   0.000464156             0  -5.37635e-05             0             0             0             0             0             0 
   409   -0.00221785   -0.00105583             0   -0.00116202             0             0             0             0             0             0 
   410     -0.004225   -0.00850588             0    0.00428088             0             0             0             0             0             0 
   411   1.37519e-05   -0.00024695             0   0.000260702             0             0             0             0             0             0 
   412   -0.00214233  -0.000881325             0     -0.001261             0             0             0             0             0             0 
   413    0.00200587    0.00338002             0   -0.00137414             0             0             0             0             0             0 
   414  -0.000986267   -0.00136539             0   0.000379122             0             0             0             0             0             0 
   415     0.0102867    0.00211653             0    0.00817021             0             0             0             0             0             0 
   416     0.0296692     0.0018926             0     0.0277766             0             0             0             0             0             0 
