#varID         total       dxdbVol      dxdbSurf          dSdb          dndb    dxdbDirect          dVdb      distance       options          dvdb
   171   -0.00918913   -0.00889873             0  -0.000290398             0             0             0             0             0             0 
   172     0.0165137     0.0273726             0    -0.0108589             0             0             0             0             0             0 
   173    -0.0302003    -0.0237502             0   -0.00645006             0             0             0             0             0             0 
   174   -0.00270459   -0.00287627             0   0.000171677             0             0             0             0             0             0 
   175   -0.00577494   -0.00934836             0    0.00357342             0             0             0             0             0             0 
   176   -0.00780571     0.0131045             0    -0.0209102             0             0             0             0             0             0 
   177    0.00522727    0.00513921             0   8.80584e-05             0             0             0             0             0             0 
   178    -0.0151737    -0.0108143             0   -0.00435937             0             0             0             0             0             0 
   179     0.0100958  -0.000756945             0     0.0108527             0             0             0             0             0             0 
   180    0.00291079    0.00266233             0   0.000248462             0             0             0             0             0             0 
   181   -0.00430608   -0.00293627             0   -0.00136981             0             0             0             0             0             0 
   182    0.00665442   0.000708435             0    0.00594598             0             0             0             0             0             0 
   183  -0.000189409  -0.000353442             0   0.000164033             0             0             0             0             0             0 
   184   0.000820628   0.000185275             0   0.000635353             0             0             0             0             0             0 
   185     0.0066155    0.00328084             0    0.00333466             0             0             0             0             0             0 
   192    -0.0115418    -0.0110067             0  -0.000535074             0             0             0             0             0             0 
   193     0.0254805      0.060614             0    -0.0351335             0             0             0             0             0             0 
   194    -0.0289723    -0.0225445             0   -0.00642771             0             0             0             0             0             0 
   195    0.00466102    0.00443479             0   0.000226228             0             0             0             0             0             0 
   196    -0.0297224    -0.0352516             0    0.00552915             0             0             0             0             0             0 
   197      0.017409     0.0347648             0    -0.0173558             0             0             0             0             0             0 
   198     0.0105564     0.0103549             0   0.000201471             0             0             0             0             0             0 
   199     -0.020898    -0.0366047             0     0.0157067             0             0             0             0             0             0 
   200     0.0191004     0.0118691             0    0.00723121             0             0             0             0             0             0 
   201    0.00652914    0.00641927             0   0.000109875             0             0             0             0             0             0 
   202    -0.0035296   -0.00848873             0    0.00495913             0             0             0             0             0             0 
   203    -0.0107258   2.04158e-05             0    -0.0107463             0             0             0             0             0             0 
   204    0.00700597    0.00683247             0   0.000173495             0             0             0             0             0             0 
   205    -0.0223158    -0.0218879             0  -0.000427911             0             0             0             0             0             0 
   206   -0.00146624    0.00181683             0   -0.00328306             0             0             0             0             0             0 
   213    0.00017524     0.0006837             0   -0.00050846             0             0             0             0             0             0 
   214   -0.00704965     0.0093193             0     -0.016369             0             0             0             0             0             0 
   215   -0.00600759    0.00634656             0    -0.0123542             0             0             0             0             0             0 
   216   -0.00258201   -0.00297625             0   0.000394236             0             0             0             0             0             0 
   217   -0.00317446    -0.0107276             0    0.00755311             0             0             0             0             0             0 
   218   -0.00774274    0.00174856             0   -0.00949129             0             0             0             0             0             0 
   219    0.00340824    0.00324645             0   0.000161793             0             0             0             0             0             0 
   220      0.010256    -0.0138618             0     0.0241178             0             0             0             0             0             0 
   221    0.00122164    -0.0310508             0     0.0322724             0             0             0             0             0             0 
   222     0.0125147     0.0125255             0  -1.07817e-05             0             0             0             0             0             0 
   223    -0.0615794    -0.0647198             0    0.00314035             0             0             0             0             0             0 
   224    0.00284104     0.0213325             0    -0.0184914             0             0             0             0             0             0 
   225     0.0230116     0.0228181             0   0.000193516             0             0             0             0             0             0 
   226     -0.185633       -0.1874             0    0.00176686             0             0             0             0             0             0 
   227      0.016428     0.0284782             0    -0.0120501             0             0             0             0             0             0 
   234  -0.000619933  -0.000276287             0  -0.000343645             0             0             0             0             0             0 
   235   -0.00136333   0.000198439             0   -0.00156177             0             0             0             0             0             0 
   236   -0.00819534  -0.000657261             0   -0.00753808             0             0             0             0             0             0 
   237   -0.00137174   -0.00165792             0   0.000286181             0             0             0             0             0             0 
   238    0.00491208    0.00152963             0    0.00338245             0             0             0             0             0             0 
   239     -0.011649    -0.0110378             0  -0.000611185             0             0             0             0             0             0 
   240    0.00825822    0.00828093             0  -2.27102e-05             0             0             0             0             0             0 
   241    0.00587032   -0.00162465             0    0.00749498             0             0             0             0             0             0 
   242     0.0205836    -0.0224635             0     0.0430471             0             0             0             0             0             0 
   243    0.00327932    0.00314848             0    0.00013084             0             0             0             0             0             0 
   244    -0.0378894    -0.0305635             0   -0.00732584             0             0             0             0             0             0 
   245      0.010365     0.0383293             0    -0.0279643             0             0             0             0             0             0 
   246    0.00361842    0.00334122             0   0.000277198             0             0             0             0             0             0 
   247     -0.105185     -0.107159             0     0.0019741             0             0             0             0             0             0 
   248    0.00535339     0.0141419             0   -0.00878851             0             0             0             0             0             0 
   255  -0.000841088  -0.000385439             0  -0.000455649             0             0             0             0             0             0 
   256    0.00107779    0.00469576             0   -0.00361797             0             0             0             0             0             0 
   257   -0.00400681   0.000126214             0   -0.00413303             0             0             0             0             0             0 
   258   0.000514665   0.000335393             0   0.000179272             0             0             0             0             0             0 
   259   0.000403748   -0.00527157             0    0.00567532             0             0             0             0             0             0 
   260    -0.0024082   -0.00697224             0    0.00456404             0             0             0             0             0             0 
   261    0.00615275    0.00614344             0   9.30851e-06             0             0             0             0             0             0 
   262    0.00351823   -0.00435793             0    0.00787616             0             0             0             0             0             0 
   263     0.0176752   -0.00276109             0     0.0204363             0             0             0             0             0             0 
   264   -0.00156812    -0.0019202             0   0.000352083             0             0             0             0             0             0 
   265   -0.00224031    0.00850754             0    -0.0107479             0             0             0             0             0             0 
   266   -0.00100635      0.028328             0    -0.0293344             0             0             0             0             0             0 
   267   -0.00506161   -0.00546229             0   0.000400678             0             0             0             0             0             0 
   268   0.000356608   -0.00100462             0    0.00136122             0             0             0             0             0             0 
   269    -0.0115923    -0.0137182             0    0.00212596             0             0             0             0             0             0 
   318   -0.00246615   -0.00231412             0  -0.000152033             0             0             0             0             0             0 
   319    0.00584248     0.0170831             0    -0.0112406             0             0             0             0             0             0 
   320   -0.00746935     -0.008505             0    0.00103565             0             0             0             0             0             0 
   321   7.77966e-05   5.45823e-05             0   2.32143e-05             0             0             0             0             0             0 
   322   -0.00333274   -0.00298341             0   -0.00034933             0             0             0             0             0             0 
   323   -0.00250817    0.00223002             0   -0.00473819             0             0             0             0             0             0 
   324    0.00237203    0.00234282             0   2.92093e-05             0             0             0             0             0             0 
   325   -0.00660573   -0.00596898             0  -0.000636749             0             0             0             0             0             0 
   326    0.00445503  -7.16176e-05             0    0.00452665             0             0             0             0             0             0 
   327    0.00188942    0.00178916             0   0.000100264             0             0             0             0             0             0 
   328   -0.00432328   -0.00244475             0   -0.00187853             0             0             0             0             0             0 
   329    0.00842477    0.00363591             0    0.00478886             0             0             0             0             0             0 
   330    0.00107757   0.000985246             0   9.23199e-05             0             0             0             0             0             0 
   331   -0.00289337  -0.000897707             0   -0.00199566             0             0             0             0             0             0 
   332    0.00597298    0.00149391             0    0.00447907             0             0             0             0             0             0 
   339   -0.00173076   -0.00130362             0  -0.000427138             0             0             0             0             0             0 
   340    0.00505083     0.0408301             0    -0.0357793             0             0             0             0             0             0 
   341   -0.00564066   -0.00736525             0    0.00172459             0             0             0             0             0             0 
   342    0.00863052    0.00857788             0   5.26414e-05             0             0             0             0             0             0 
   343    -0.0245025    -0.0233088             0   -0.00119369             0             0             0             0             0             0 
   344    0.00714891    0.00965692             0   -0.00250801             0             0             0             0             0             0 
   345    0.00770397    0.00749503             0   0.000208947             0             0             0             0             0             0 
   346    -0.0099917    -0.0283552             0     0.0183635             0             0             0             0             0             0 
   347    0.00744191    0.00606099             0    0.00138092             0             0             0             0             0             0 
   348    0.00892425    0.00884704             0   7.72048e-05             0             0             0             0             0             0 
   349    -0.0057419   -0.00573102             0  -1.08825e-05             0             0             0             0             0             0 
   350   -0.00319314   0.000966938             0   -0.00416008             0             0             0             0             0             0 
   351     0.0129334     0.0127815             0    0.00015183             0             0             0             0             0             0 
   352    -0.0204264    -0.0122209             0   -0.00820554             0             0             0             0             0             0 
   353     0.0002656   -0.00592196             0    0.00618756             0             0             0             0             0             0 
   360    0.00208413    0.00247351             0   -0.00038938             0             0             0             0             0             0 
   361   -0.00948689    0.00874591             0    -0.0182328             0             0             0             0             0             0 
   362    -0.0012049   -0.00112527             0   -7.9628e-05             0             0             0             0             0             0 
   363    0.00222037    0.00197713             0   0.000243236             0             0             0             0             0             0 
   364    -0.0074463    -0.0156138             0    0.00816751             0             0             0             0             0             0 
   365   0.000645165    0.00293407             0    -0.0022889             0             0             0             0             0             0 
   366    -0.0020465   -0.00227789             0   0.000231387             0             0             0             0             0             0 
   367     0.0241038   -0.00694208             0     0.0310459             0             0             0             0             0             0 
   368    0.00164977   -0.00534327             0    0.00699304             0             0             0             0             0             0 
   369    0.00438142    0.00435667             0    2.4752e-05             0             0             0             0             0             0 
   370     0.0374812     0.0332688             0    0.00421246             0             0             0             0             0             0 
   371    -0.0145461   -0.00114847             0    -0.0133976             0             0             0             0             0             0 
   372   0.000515936   0.000249811             0   0.000266125             0             0             0             0             0             0 
   373     0.0127478    0.00841931             0     0.0043285             0             0             0             0             0             0 
   374    -0.0059635   -0.00760801             0    0.00164452             0             0             0             0             0             0 
   381   0.000252279   0.000414749             0   -0.00016247             0             0             0             0             0             0 
   382   -0.00124982  -0.000291702             0   -0.00095812             0             0             0             0             0             0 
   383   -0.00279605    -0.0026145             0  -0.000181551             0             0             0             0             0             0 
   384   -0.00104319   -0.00116775             0    0.00012456             0             0             0             0             0             0 
   385    0.00399348   9.48677e-05             0    0.00389861             0             0             0             0             0             0 
   386   -0.00301737   -0.00234397             0  -0.000673407             0             0             0             0             0             0 
   387    0.00112884    0.00112453             0    4.3118e-06             0             0             0             0             0             0 
   388     0.0116844    0.00621813             0    0.00546623             0             0             0             0             0             0 
   389    0.00959068   -0.00391087             0     0.0135016             0             0             0             0             0             0 
   390   -0.00581171   -0.00593121             0   0.000119503             0             0             0             0             0             0 
   391     0.0287672     0.0312852             0   -0.00251801             0             0             0             0             0             0 
   392   -0.00411729     0.0134233             0    -0.0175406             0             0             0             0             0             0 
   393    -0.0193235    -0.0196061             0   0.000282559             0             0             0             0             0             0 
   394     0.0300661     0.0210822             0     0.0089838             0             0             0             0             0             0 
   395   -0.00534899   -0.00770465             0    0.00235565             0             0             0             0             0             0 
   402  -0.000196451   2.11957e-05             0  -0.000217647             0             0             0             0             0             0 
   403   0.000850567    0.00173682             0  -0.000886256             0             0             0             0             0             0 
   404    -0.0011628   -0.00126991             0   0.000107119             0             0             0             0             0             0 
   405   0.000228559   0.000190369             0     3.819e-05             0             0             0             0             0             0 
   406   0.000608264   -0.00221716             0    0.00282543             0             0             0             0             0             0 
   407  -7.66707e-05   -0.00233581             0    0.00225913             0             0             0             0             0             0 
   408    0.00220107    0.00217509             0   2.59862e-05             0             0             0             0             0             0 
   409    0.00254269   0.000115868             0    0.00242683             0             0             0             0             0             0 
   410    0.00888541    0.00161254             0    0.00727288             0             0             0             0             0             0 
   411   -0.00309494   -0.00333231             0   0.000237372             0             0             0             0             0             0 
   412   -0.00129055    0.00456952             0   -0.00586007             0             0             0             0             0             0 
   413   -0.00195962     0.0123517             0    -0.0143113             0             0             0             0             0             0 
   414   -0.00618079    -0.0064178             0   0.000237005             0             0             0             0             0             0 
   415     0.0011898   0.000107477             0    0.00108233             0             0             0             0             0             0 
   416   -0.00542293    -0.0141253             0    0.00870241             0             0             0             0             0             0 
