     #Cycle LineSearchIters CycleCPUcost CyclePrimalSolutions CycleAdjointSolutions TotalCPUcost TotalPrimalSolutions TotalAdjointSolutions
          2           1     11477.5           1           1     11477.5           2           2
          3           1     7307.35           1           1     18784.8           3           3
          4           1     7372.17           1           1       26157           4           4
          5           1     7312.86           1           1     33471.2           5           5
          6           1     7372.83           1           1     40843.1           6           6
          7           1     7292.13           1           1     48136.3           7           7
          8           1     7384.64           1           1     55520.9           8           8
          9           1     7385.19           1           1     62907.2           9           9
         10           1     7357.03           1           1     70262.5          10          10
         11           1     7354.24           1           1     77616.2          11          11
         12           1     7303.49           1           1     84919.7          12          12
         13           1     7360.33           1           1     92280.1          13          13
         14           1     7314.87           1           1     99592.1          14          14
         15           1     7310.58           1           1      106905          15          15
         16           1     7310.99           1           1      114217          16          16
         17           1      7358.3           1           1      121577          17          17
         18           1     7351.86           1           1      128925          18          18
         19           1     7369.59           1           1      136295          19          19
         20           1     7337.43           1           1      143633          20          20
         21           1     7386.95           1           1      151022          21          21
         22           1     7321.76           1           1      158340          22          22
         23           1     7316.53           1           1      165658          23          23
         24           1     7420.62           1           1      173080          24          24
         25           1     7375.83           1           1      180456          25          25
