#    J           JCycle      
1    0.164639    0.165286    
2    0.163       0.162954    
3    0.160324    0.160145    
4    0.156175    0.156174    
5    0.151499    0.151507    
6    0.14677     0.146697    
7    0.141039    0.140978    
8    0.131916    0.131937    
9    0.120744    0.120757    
10   0.108757    0.108767    
11   0.0987735   0.0987661   
12   0.0911773   0.0911714   
13   0.0850648   0.0850675   
14   0.0800582   0.0800269   
15   0.0758197   0.0758128   
16   0.0721354   0.0721396   
17   0.0688733   0.0688628   
18   0.0657277   0.0657379   
19   0.0626594   0.0626672   
20   0.0597045   0.0597086   
21   0.0570188   0.056992    
22   0.0544025   0.0542894   
23   0.0514817   0.0515085   
24   0.0487563   0.0487708   
25   0.0457503   0.0458371   
