       #varID adjointSensitivity
          171   -0.00255323
          172    0.00317566
          173    -0.0249734
          174   0.000316656
          175  -0.000651264
          176    -0.0197236
          177    0.00693127
          178    -0.0116784
          179   -0.00697617
          180    0.00898985
          181    -0.0187765
          182    0.00424481
          183    0.00175131
          184     -0.010546
          185     0.0107369
          192   -0.00440298
          193  -0.000346541
          194     -0.024649
          195  -0.000797155
          196   0.000406911
          197    -0.0261998
          198     0.0117483
          199  -4.02349e-05
          200    -0.0258493
          201     0.0272758
          202     -0.019204
          203    -0.0107098
          204     0.0143791
          205    -0.0213129
          206       0.01571
          213   -0.00314255
          214   0.000612665
          215    -0.0260513
          216  -0.000334432
          217    0.00238356
          218    -0.0282554
          219    0.00791706
          220    0.00667682
          221    -0.0362344
          222     0.0298649
          223   -0.00382307
          224    -0.0311269
          225     0.0183665
          226    0.00139049
          227    0.00838847
          234   -0.00187884
          235    0.00151748
          236    -0.0181402
          237  -3.88674e-06
          238    0.00213699
          239    -0.0168532
          240    0.00311377
          241   4.02454e-05
          242    -0.0219485
          243     0.0135747
          244     0.0045334
          245     -0.023114
          246   0.000741403
          247     0.0140787
          248     0.0298338
          255   -0.00111884
          256    0.00286487
          257   -0.00697251
          258   6.02466e-05
          259    0.00252008
          260   -0.00688066
          261   0.000631307
          262   -0.00134624
          263    -0.0109151
          264    0.00269784
          265      0.013599
          266   0.000415039
          267   -0.00442345
          268     0.0123432
          269     0.0545549
          318  -0.000695279
          319   -0.00135465
          320   -0.00448223
          321   4.96527e-05
          322   -0.00268831
          323    -0.0024829
          324    0.00314592
          325   -0.00505256
          326   -0.00144769
          327    0.00661378
          328    -0.0164024
          329    0.00787473
          330    0.00280393
          331     -0.015478
          332     0.0153149
          339  -0.000506565
          340   -0.00646288
          341   -0.00484276
          342    0.00197402
          343    -0.0103588
          344    0.00411683
          345     0.0061384
          346   -0.00282543
          347  -0.000297927
          348     0.0272833
          349      -0.03138
          350    0.00965326
          351      0.023217
          352    -0.0463072
          353     0.0440552
          360     0.0012182
          361   -0.00114126
          362   -0.00777651
          363    0.00136773
          364  -0.000983845
          365   0.000162272
          366    0.00188507
          367    0.00504207
          368   -0.00459814
          369      0.024919
          370   -0.00844296
          371   -0.00899051
          372    0.00208663
          373    0.00625939
          374     0.0405358
          381   3.84627e-05
          382    0.00112872
          383   -0.00557623
          384  -0.000430094
          385    0.00331393
          386   -0.00439256
          387    0.00119592
          388    0.00209229
          389    -0.0105889
          390     0.0068472
          391    0.00760456
          392    -0.0103283
          393    -0.0196983
          394     0.0371032
          395     0.0400731
          402  -0.000202141
          403     0.0019411
          404   -0.00219868
          405   0.000164587
          406    0.00223111
          407   -0.00171289
          408   0.000951634
          409  -0.000882063
          410   -0.00704639
          411    0.00229743
          412    0.00370273
          413   0.000554652
          414   -0.00508795
          415     0.0113337
          416     0.0379424
