       #varID adjointSensitivity
          171   -0.00247788
          172   -0.00057557
          173    -0.0126909
          174   0.000623219
          175   -0.00304472
          176     -0.010679
          177    0.00745059
          178    -0.0111889
          179   -0.00332611
          180    0.00585465
          181    -0.0117525
          182    0.00475795
          183  -5.28134e-05
          184   -0.00225106
          185    0.00848709
          192    -0.0029064
          193   -0.00817921
          194    -0.0182907
          195    0.00288402
          196   -0.00968627
          197    -0.0158246
          198    0.00528799
          199    0.00406474
          200    -0.0122222
          201     0.0107472
          202   -0.00465191
          203    -0.0120939
          204    0.00796822
          205   -0.00811448
          206    0.00415239
          213   -0.00120001
          214   -0.00520139
          215    -0.0271122
          216    0.00169106
          217   0.000803807
          218    -0.0239355
          219   -0.00348636
          220     0.0211791
          221    -0.0179957
          222    0.00742372
          223    0.00430293
          224    -0.0181449
          225    0.00872632
          226     0.0029613
          227  -0.000967833
          234   -0.00168231
          235  -0.000228024
          236    -0.0221227
          237   0.000553932
          238    0.00202154
          239     -0.019661
          240   0.000788885
          241    0.00206041
          242    -0.0115142
          243    0.00136919
          244  -0.000196236
          245   -0.00687969
          246   -0.00114848
          247     0.0148671
          248     0.0194457
          255   -0.00146547
          256   -0.00047255
          257    -0.0120663
          258   0.000797152
          259   -0.00409571
          260    -0.0121105
          261    0.00233535
          262   -0.00990948
          263    -0.0103822
          264    0.00169289
          265   -0.00554019
          266   -0.00237277
          267   -0.00068306
          268     0.0183985
          269     0.0296188
          318  -0.000519593
          319    -0.0039042
          320   -0.00244636
          321    0.00114944
          322   -0.00622483
          323   -0.00108808
          324    0.00319457
          325   -0.00555832
          326    0.00115787
          327    0.00384504
          328   -0.00966322
          329    0.00836094
          330    0.00163086
          331   -0.00737974
          332     0.0111913
          339   0.000776478
          340    -0.0151457
          341   -0.00434145
          342    0.00804004
          343    -0.0238421
          344    0.00512653
          345    0.00378349
          346   0.000435046
          347    0.00544132
          348     0.0133224
          349    -0.0143129
          350     0.0029255
          351     0.0163454
          352    -0.0267865
          353     0.0209488
          360     0.0026326
          361   -0.00835294
          362   -0.00796719
          363    0.00370562
          364   -0.00437989
          365    0.00171753
          366   -0.00857085
          367     0.0223884
          368    0.00355582
          369    0.00832713
          370    0.00040121
          371   -0.00758032
          372    0.00340287
          373    0.00777024
          374     0.0161603
          381   0.000227532
          382  -8.99118e-05
          383   -0.00632257
          384  -0.000965301
          385    0.00428124
          386   -0.00478489
          387    -0.0025029
          388    0.00587399
          389   -0.00469819
          390   -0.00121698
          391    0.00511622
          392   -0.00263379
          393    -0.0146067
          394     0.0336117
          395     0.0273067
          402  -0.000291561
          403    0.00100045
          404   -0.00331885
          405    0.00017639
          406   0.000222366
          407   -0.00310095
          408   0.000410392
          409   -0.00221785
          410     -0.004225
          411   1.37519e-05
          412   -0.00214233
          413    0.00200587
          414  -0.000986267
          415     0.0102867
          416     0.0296692
