       #varID adjointSensitivity
          171   -0.00240338
          172    0.00267985
          173    -0.0232919
          174   0.000554471
          175   -0.00112684
          176    -0.0177347
          177    0.00688877
          178    -0.0119715
          179   -0.00408956
          180     0.0082191
          181    -0.0173475
          182     0.0028014
          183    0.00166561
          184   -0.00890692
          185    0.00812658
          192   -0.00402772
          193   -0.00190588
          194    -0.0240966
          195   0.000415974
          196   -0.00192068
          197     -0.023963
          198     0.0108252
          199   0.000496594
          200    -0.0215551
          201     0.0242901
          202     -0.015682
          203    -0.0114009
          204     0.0138961
          205    -0.0184447
          206     0.0117697
          213   -0.00261627
          214   -0.00119275
          215    -0.0269572
          216   0.000292013
          217    0.00208823
          218     -0.026893
          219    0.00587412
          220     0.0101287
          221     -0.032134
          222      0.026861
          223   -0.00222448
          224    -0.0306844
          225     0.0175169
          226    0.00152421
          227    0.00582133
          234    -0.0017075
          235    0.00143094
          236    -0.0183805
          237  -0.000257888
          238    0.00344037
          239    -0.0151484
          240    0.00218872
          241    0.00147693
          242    -0.0173597
          243     0.0124044
          244    0.00262006
          245    -0.0219508
          246    0.00109142
          247     0.0117387
          248     0.0275314
          255   -0.00122153
          256    0.00363474
          257   -0.00625453
          258  -0.000651618
          259    0.00640168
          260   -0.00430112
          261   -0.00174096
          262    0.00378061
          263   -0.00395788
          264    0.00228553
          265    0.00759644
          266   -0.00144096
          267   -0.00200047
          268    0.00267101
          269     0.0473331
          318  -0.000647192
          319   -0.00167346
          320   -0.00418202
          321   0.000275847
          322   -0.00319794
          323   -0.00223416
          324    0.00314247
          325   -0.00519389
          326  -0.000676195
          327    0.00591034
          328    -0.0147906
          329     0.0068598
          330    0.00254006
          331    -0.0137212
          332     0.0133625
          339  -0.000282894
          340   -0.00808311
          341   -0.00482565
          342    0.00329656
          343    -0.0126869
          344    0.00402943
          345    0.00586358
          346   -0.00191604
          347   0.000785468
          348     0.0246835
          349    -0.0271986
          350    0.00749043
          351     0.0224805
          352    -0.0420961
          353     0.0378698
          360    0.00158808
          361   -0.00361453
          362      -0.00786
          363    0.00164729
          364   -0.00126414
          365   0.000480341
          366  -0.000615826
          367     0.0100561
          368   -0.00353423
          369     0.0225291
          370   -0.00639688
          371    -0.0100844
          372    0.00282084
          373    0.00628226
          374     0.0358842
          381   0.000147699
          382   0.000902756
          383    -0.0055141
          384  -0.000781427
          385    0.00436427
          386   -0.00356562
          387   0.000318904
          388    0.00379487
          389   -0.00878233
          390    0.00611469
          391    0.00655001
          392    -0.0104575
          393    -0.0186597
          394     0.0352821
          395      0.038776
          402  -0.000173061
          403    0.00235111
          404   -0.00179568
          405   4.33836e-05
          406    0.00325693
          407  -0.000169954
          408   0.000339025
          409   0.000711788
          410    -0.0037809
          411    0.00174196
          412   0.000951279
          413   -0.00152622
          414   -0.00497108
          415    0.00832791
          416     0.0346627
