       #varID adjointSensitivity
          171   -0.00219958
          172   -0.00190081
          173   -0.00535266
          174   0.000674478
          175   -0.00411743
          176   -0.00500312
          177    0.00509135
          178   -0.00839795
          179   -0.00163374
          180     0.0036823
          181   -0.00659431
          182    0.00282861
          183   -0.00011134
          184   0.000869621
          185    0.00443699
          192   -0.00211914
          193   -0.00952781
          194   -0.00838647
          195     0.0035988
          196    -0.0144494
          197   -0.00667901
          198    0.00243521
          199    0.00558646
          200   -0.00529656
          201    0.00361727
          202    0.00134284
          203     -0.010399
          204    0.00454001
          205   -0.00386909
          206   -0.00217109
          213   0.000176672
          214   -0.00637293
          215    -0.0131918
          216    0.00101526
          217   -0.00140378
          218    -0.0128505
          219   -0.00366021
          220     0.0255829
          221    -0.0018504
          222   0.000790872
          223    0.00639327
          224   -0.00626941
          225    0.00444751
          226   -0.00152849
          227   -0.00928173
          234  -0.000575032
          235  -0.000468055
          236    -0.0106848
          237   0.000187892
          238    0.00251586
          239   -0.00891768
          240    0.00425181
          241    0.00697559
          242     0.0129567
          243  -0.000345279
          244   0.000354447
          245    0.00232317
          246   -0.00356217
          247    0.00519976
          248   -0.00740273
          255  -0.000971514
          256   0.000551029
          257   -0.00546999
          258   0.000371477
          259  -2.99334e-05
          260   -0.00340489
          261      0.004224
          262    0.00105534
          263     0.0103243
          264  -0.000504574
          265    -0.0026807
          266  -0.000410815
          267   -0.00391917
          268      0.005056
          269   -0.00293228
          318   -0.00044092
          319   -0.00363568
          320   -0.00140999
          321    0.00128651
          322   -0.00644369
          323   -0.00118414
          324    0.00237414
          325   -0.00488538
          326    0.00183702
          327    0.00240504
          328    -0.0058774
          329    0.00749525
          330    0.00109991
          331   -0.00377426
          332    0.00695611
          339   0.000831446
          340    -0.0143199
          341   -0.00272976
          342    0.00826647
          343    -0.0257922
          344    0.00243999
          345    0.00274829
          346    0.00194407
          347    0.00455219
          348    0.00665836
          349   -0.00776259
          350    0.00117723
          351     0.0108982
          352    -0.0198491
          353    0.00911662
          360    0.00226532
          361   -0.00912087
          362   -0.00429683
          363     0.0033171
          364    -0.0063205
          365    0.00132448
          366    -0.0086157
          367     0.0284795
          368    0.00573225
          369    0.00275915
          370    0.00166693
          371    -0.0033316
          372     0.0040127
          373  -0.000725077
          374   0.000608847
          381   0.000368504
          382  -0.000488653
          383   -0.00334558
          384  -0.000702272
          385    0.00367586
          386   -0.00197144
          387  -0.000873451
          388    0.00827289
          389    0.00654891
          390   -0.00242571
          391    0.00274852
          392  -0.000472356
          393     -0.012291
          394     0.0210805
          395   -0.00287131
          402  -0.000228523
          403   0.000914933
          404   -0.00146854
          405   0.000121809
          406   0.000710267
          407  -0.000391938
          408    0.00138858
          409    0.00156321
          410    0.00539098
          411   -0.00228526
          412   -0.00260213
          413   8.91674e-05
          414   -0.00493504
          415    0.00257056
          416    0.00230497
