       #varID adjointSensitivity
          171   -0.00290326
          172    0.00347309
          173    -0.0263179
          174   0.000174862
          175  -0.000334056
          176    -0.0213609
          177    0.00711004
          178    -0.0113455
          179   -0.00919943
          180    0.00965033
          181    -0.0197577
          182    0.00601462
          183    0.00193396
          184    -0.0118657
          185     0.0130393
          192   -0.00493686
          193   0.000553207
          194     -0.025663
          195   -0.00140566
          196    0.00176702
          197    -0.0281989
          198     0.0122616
          199  -0.000234367
          200    -0.0287193
          201     0.0287892
          202    -0.0214514
          203   -0.00962257
          204     0.0146354
          205    -0.0233999
          206     0.0183691
          213   -0.00378989
          214    0.00145037
          215    -0.0268598
          216  -0.000588049
          217    0.00271103
          218    -0.0305361
          219    0.00925312
          220     0.0050642
          221      -0.03952
          222     0.0313896
          223    -0.0046882
          224    -0.0305623
          225     0.0182726
          226    0.00189422
          227     0.0108575
          234   -0.00229582
          235    0.00153321
          236    -0.0192516
          237   9.78795e-05
          238    0.00179084
          239    -0.0191069
          240     0.0037746
          241  -0.000746234
          242     -0.024991
          243     0.0141303
          244    0.00456012
          245    -0.0230097
          246   0.000317078
          247     0.0172098
          248     0.0306971
          255   -0.00127039
          256    0.00219402
          257   -0.00829679
          258   0.000216715
          259    0.00120448
          260   -0.00911039
          261    0.00118904
          262   -0.00415852
          263    -0.0141242
          264    0.00252756
          265     0.0124261
          266   0.000843084
          267   -0.00540842
          268     0.0173592
          269      0.054241
          318  -0.000771762
          319   -0.00114844
          320   -0.00474719
          321  -7.09745e-05
          322   -0.00237377
          323   -0.00271998
          324    0.00321161
          325   -0.00495706
          326   -0.00200096
          327     0.0071467
          328    -0.0175244
          329    0.00882144
          330    0.00306096
          331    -0.0167565
          332     0.0167471
          339  -0.000690887
          340   -0.00555433
          341   -0.00502238
          342    0.00131655
          343   -0.00903242
          344    0.00397923
          345     0.0063234
          346   -0.00328503
          347   -0.00103738
          348     0.0286611
          349    -0.0339891
          350     0.0110329
          351     0.0236016
          352    -0.0491211
          353     0.0477062
          360   0.000958142
          361   1.72008e-05
          362   -0.00802698
          363    0.00123217
          364  -0.000659275
          365   -0.00037162
          366    0.00325943
          367    0.00267343
          368   -0.00557694
          369     0.0260368
          370   -0.00944291
          371    -0.0081602
          372   0.000677431
          373    0.00692729
          374     0.0445244
          381  -0.000100481
          382     0.0012195
          383   -0.00587056
          384  -0.000287564
          385    0.00297315
          386   -0.00504649
          387    0.00168962
          388    0.00138874
          389    -0.0116469
          390    0.00699543
          391    0.00808106
          392    -0.0100101
          393    -0.0213718
          394     0.0394158
          395     0.0424557
          402  -0.000284318
          403    0.00165377
          404   -0.00255809
          405   0.000174079
          406    0.00186243
          407   -0.00245657
          408    0.00106854
          409   -0.00160447
          410   -0.00815463
          411    0.00210062
          412    0.00392531
          413     0.0011791
          414   -0.00603184
          415     0.0130444
          416     0.0394304
