       #varID adjointSensitivity
          171   -0.00224576
          172   -0.00132929
          173   -0.00997088
          174   0.000729732
          175   -0.00363462
          176   -0.00847545
          177    0.00725156
          178    -0.0109887
          179   -0.00198653
          180    0.00510858
          181    -0.0102766
          182    0.00307976
          183  -0.000429341
          184  -0.000702299
          185    0.00646948
          192    -0.0023514
          193   -0.00950319
          194     -0.015236
          195    0.00348961
          196    -0.0115727
          197    -0.0128992
          198    0.00447363
          199    0.00450006
          200   -0.00963592
          201    0.00796024
          202   -0.00211916
          203    -0.0125928
          204    0.00658826
          205    -0.0057931
          206    0.00154548
          213  -0.000451744
          214    -0.0059387
          215    -0.0235348
          216     0.0018783
          217   0.000302029
          218    -0.0204551
          219   -0.00465249
          220     0.0231918
          221    -0.0131109
          222    0.00466098
          223    0.00543321
          224    -0.0150104
          225    0.00757134
          226      0.001995
          227   -0.00400894
          234   -0.00120568
          235  -0.000311869
          236    -0.0190101
          237   0.000403963
          238    0.00236069
          239    -0.0161223
          240   0.000625005
          241     0.0035526
          242   -0.00494424
          243   0.000450767
          244  -0.000240874
          245   -0.00296703
          246   -0.00137993
          247      0.011937
          248     0.0117193
          255   -0.00127275
          256   9.66057e-06
          257    -0.0101241
          258   0.000608112
          259   -0.00254325
          260    -0.0091011
          261    0.00229438
          262    -0.0065393
          263   -0.00403418
          264    0.00100264
          265   -0.00603234
          266  -0.000572623
          267   -0.00108725
          268     0.0137123
          269     0.0194542
          318  -0.000440239
          319   -0.00425461
          320   -0.00203371
          321    0.00134196
          322   -0.00680554
          323  -0.000912823
          324    0.00311916
          325   -0.00561641
          326    0.00171072
          327    0.00327003
          328   -0.00833424
          329    0.00768979
          330    0.00131449
          331   -0.00582001
          332    0.00958564
          339    0.00105176
          340    -0.0162234
          341   -0.00392654
          342    0.00893235
          343    -0.0258265
          344    0.00498409
          345    0.00347923
          346     0.0010483
          347    0.00621031
          348     0.0108513
          349    -0.0113989
          350    0.00189811
          351     0.0146813
          352    -0.0233984
          353     0.0165616
          360    0.00284804
          361   -0.00917657
          362   -0.00713662
          363    0.00406601
          364   -0.00506645
          365    0.00224654
          366   -0.00963328
          367     0.0251244
          368    0.00525811
          369    0.00622434
          370    0.00140101
          371   -0.00669047
          372    0.00418995
          373    0.00598664
          374    0.00991262
          381   0.000344592
          382  -0.000207565
          383   -0.00552428
          384  -0.000993533
          385    0.00434696
          386   -0.00382426
          387   -0.00271011
          388    0.00678435
          389   -0.00169707
          390   -0.00177057
          391    0.00435446
          392   -0.00136363
          393    -0.0135321
          394     0.0301022
          395     0.0179238
          402  -0.000254353
          403    0.00108633
          404   -0.00274824
          405   0.000124223
          406     0.0005191
          407   -0.00217251
          408   0.000429961
          409   -0.00106276
          410   -0.00145715
          411  -0.000665928
          412   -0.00291111
          413    0.00205701
          414   -0.00155513
          415    0.00758541
          416     0.0211598
