       #varID adjointSensitivity
          171   -0.00202818
          172   -0.00207657
          173   -0.00650584
          174   0.000708804
          175   -0.00414298
          176   -0.00592542
          177    0.00591953
          178   -0.00953364
          179   -0.00126215
          180    0.00421008
          181   -0.00778176
          182    0.00221522
          183  -0.000346709
          184    0.00077571
          185    0.00460601
          192    -0.0017574
          193    -0.0104417
          194    -0.0105989
          195    0.00379889
          196    -0.0136011
          197   -0.00886293
          198    0.00314987
          199    0.00494327
          200   -0.00665431
          201    0.00488326
          202   0.000645992
          203    -0.0119553
          204    0.00517247
          205   -0.00363516
          206   -0.00150163
          213   0.000210578
          214   -0.00635071
          215    -0.0175053
          216    0.00166788
          217  -0.000605217
          218    -0.0156262
          219   -0.00466212
          220     0.0245755
          221   -0.00607932
          222    0.00181228
          223    0.00626582
          224   -0.00965875
          225    0.00575082
          226   0.000110166
          227   -0.00762595
          234  -0.000725976
          235  -0.000430924
          236    -0.0140713
          237   0.000249555
          238    0.00253238
          239    -0.0114731
          240    0.00207258
          241     0.0056105
          242    0.00535449
          243   6.45433e-05
          244   3.75704e-05
          245    0.00144665
          246   -0.00264616
          247    0.00789638
          248   6.02702e-05
          255   -0.00105852
          256   0.000329525
          257   -0.00724511
          258   0.000409998
          259  -0.000819013
          260    -0.0054114
          261    0.00310208
          262   -0.00208549
          263    0.00435667
          264   1.83438e-05
          265   -0.00514546
          266  -5.34551e-05
          267   -0.00297069
          268    0.00859655
          269    0.00604825
          318  -0.000362776
          319   -0.00431399
          320   -0.00154553
          321    0.00147082
          322   -0.00711622
          323  -0.000943973
          324    0.00273094
          325   -0.00525628
          326    0.00192779
          327     0.0027607
          328   -0.00649481
          329      0.007044
          330    0.00115984
          331   -0.00414927
          332    0.00756023
          339    0.00122188
          340    -0.0163147
          341   -0.00321998
          342    0.00937464
          343    -0.0273169
          344    0.00396834
          345    0.00305114
          346    0.00173382
          347    0.00598127
          348    0.00793081
          349   -0.00813394
          350    0.00075919
          351     0.0123301
          352    -0.0201219
          353     0.0111096
          360    0.00274014
          361   -0.00951902
          362   -0.00558987
          363    0.00403258
          364   -0.00614406
          365    0.00231272
          366   -0.00990559
          367     0.0278275
          368    0.00667807
          369    0.00384741
          370    0.00203919
          371   -0.00478936
          372    0.00456678
          373     0.0023188
          374    0.00284299
          381   0.000406555
          382  -0.000358961
          383   -0.00424556
          384  -0.000881773
          385     0.0040434
          386   -0.00258053
          387   -0.00205466
          388    0.00781476
          389    0.00313739
          390   -0.00211142
          391     0.0034298
          392  -6.45308e-05
          393    -0.0129534
          394     0.0250924
          395    0.00467664
          402  -0.000225426
          403    0.00105536
          404   -0.00193365
          405   9.31557e-05
          406   0.000748234
          407   -0.00100354
          408   0.000850827
          409   0.000495442
          410    0.00258024
          411    -0.0018027
          412   -0.00320111
          413    0.00152169
          414   -0.00383215
          415    0.00459533
          416     0.0098959
