       #varID adjointSensitivity
          171   -0.00334191
          172    0.00192018
          173    -0.0215923
          174   0.000299359
          175   -0.00126341
          176    -0.0177955
          177    0.00745531
          178    -0.0108251
          179   -0.00742462
          180    0.00843062
          181    -0.0161472
          182    0.00843385
          183    0.00189288
          184   -0.00830135
          185      0.013172
          192   -0.00484518
          193   -0.00342305
          194    -0.0261797
          195   0.000751519
          196   -0.00341308
          197    -0.0249074
          198    0.00852245
          199    0.00227578
          200    -0.0213689
          201     0.0203688
          202    -0.0137017
          203   -0.00976929
          204     0.0126757
          205    -0.0172382
          206     0.0123018
          213   -0.00376763
          214   -0.00236391
          215    -0.0347163
          216   0.000826655
          217    0.00223465
          218    -0.0336107
          219     0.0027315
          220     0.0135699
          221    -0.0330103
          222     0.0194535
          223  -0.000276039
          224    -0.0261231
          225     0.0128258
          226    0.00459974
          227    0.00934883
          234   -0.00307654
          235   0.000322084
          236    -0.0284046
          237   0.000823083
          238    0.00142708
          239    -0.0283429
          240    0.00362316
          241   -0.00153378
          242    -0.0294786
          243    0.00896543
          244   0.000749123
          245    -0.0196614
          246  -0.000548052
          247     0.0222449
          248     0.0388162
          255   -0.00194435
          256  -0.000828783
          257    -0.0154995
          258    0.00106352
          259   -0.00575099
          260    -0.0190237
          261    0.00383616
          262    -0.0166421
          263     -0.026913
          264    0.00515799
          265  -0.000895301
          266   -0.00694667
          267   -0.00207279
          268      0.029576
          269     0.0558628
          318  -0.000760513
          319   -0.00237538
          320   -0.00394358
          321   0.000495691
          322   -0.00410592
          323   -0.00210222
          324    0.00327865
          325   -0.00511633
          326  -0.000816354
          327     0.0060288
          328    -0.0140876
          329    0.00955217
          330    0.00301662
          331    -0.0131183
          332     0.0151968
          339  -0.000138771
          340     -0.010438
          341   -0.00543456
          342    0.00475503
          343    -0.0162594
          344    0.00423123
          345     0.0049723
          346    -0.0013141
          347    0.00173838
          348     0.0216224
          349    -0.0247966
          350     0.0067955
          351     0.0212188
          352    -0.0396549
          353     0.0354052
          360    0.00165213
          361   -0.00526735
          362   -0.00962325
          363    0.00233266
          364   -0.00188586
          365  -0.000492679
          366   -0.00337411
          367     0.0137697
          368   -0.00294668
          369     0.0169805
          370   -0.00391771
          371   -0.00910914
          372  -0.000590826
          373     0.0107875
          374     0.0375925
          381   -0.00017005
          382   0.000331607
          383   -0.00796058
          384  -0.000794001
          385    0.00401939
          386   -0.00716596
          387  -0.000425517
          388    0.00341956
          389    -0.0128734
          390    0.00301915
          391    0.00738527
          392   -0.00734045
          393    -0.0203283
          394     0.0427812
          395     0.0531236
          402  -0.000417039
          403   0.000975606
          404   -0.00433894
          405   0.000280312
          406  -0.000116432
          407   -0.00514881
          408    0.00113745
          409   -0.00468337
          410    -0.0115188
          411    0.00250744
          412    0.00118347
          413    0.00138595
          414   -0.00251716
          415     0.0176814
          416     0.0523422
