       #varID adjointSensitivity
          171   -0.00294555
          172    0.00264815
          173    -0.0239119
          174   0.000483232
          175   -0.00104482
          176    -0.0185355
          177    0.00716427
          178    -0.0115555
          179   -0.00532394
          180    0.00859154
          181    -0.0174206
          182    0.00523093
          183    0.00195725
          184   -0.00949261
          185     0.0102313
          192   -0.00469867
          193   -0.00211117
          194     -0.026033
          195   0.000618149
          196   -0.00213414
          197    -0.0253039
          198     0.0103621
          199    0.00086211
          200    -0.0219535
          201     0.0233854
          202    -0.0157279
          203    -0.0100869
          204     0.0138038
          205    -0.0189367
          206     0.0125722
          213   -0.00350345
          214   -0.00186439
          215    -0.0314738
          216   0.000528919
          217    0.00239808
          218    -0.0310462
          219    0.00513419
          220     0.0114224
          221    -0.0344742
          222     0.0254045
          223   -0.00173728
          224    -0.0298615
          225     0.0159046
          226    0.00339038
          227    0.00934797
          234   -0.00257559
          235   0.000941055
          236     -0.023683
          237   0.000176248
          238    0.00311188
          239     -0.022268
          240    0.00368591
          241   0.000567185
          242    -0.0268728
          243     0.0135155
          244    0.00136247
          245     -0.023481
          246    0.00105749
          247     0.0188403
          248     0.0380172
          255   -0.00163141
          256    0.00167542
          257     -0.010572
          258    1.5425e-05
          259     0.0023794
          260    -0.0113739
          261   0.000692541
          262   -0.00368068
          263    -0.0175131
          264    0.00344857
          265    0.00236068
          266   -0.00281951
          267   -0.00252332
          268     0.0155396
          269     0.0576503
          318  -0.000741287
          319   -0.00172131
          320   -0.00432012
          321   0.000316549
          322   -0.00329304
          323   -0.00234448
          324    0.00325383
          325   -0.00515235
          326  -0.000890677
          327    0.00609609
          328    -0.0149234
          329    0.00783709
          330     0.0027628
          331     -0.014051
          332     0.0141871
          339  -0.000363902
          340   -0.00857377
          341   -0.00523872
          342    0.00375831
          343    -0.0133652
          344    0.00383086
          345    0.00579296
          346   -0.00167419
          347   0.000685597
          348     0.0240652
          349    -0.0270078
          350    0.00753181
          351     0.0223862
          352    -0.0423453
          353     0.0378337
          360    0.00152437
          361   -0.00470851
          362   -0.00880686
          363    0.00175516
          364   -0.00105465
          365  -0.000267651
          366   -0.00153792
          367      0.012018
          368   -0.00459358
          369     0.0211817
          370   -0.00544922
          371    -0.0101417
          372   0.000264565
          373    0.00863639
          374     0.0402087
          381  -5.06096e-05
          382   0.000544491
          383    -0.0067759
          384  -0.000899156
          385    0.00451429
          386   -0.00540101
          387   0.000365849
          388    0.00388088
          389    -0.0125368
          390    0.00604919
          391    0.00731855
          392    -0.0104372
          393    -0.0207122
          394     0.0401766
          395     0.0523823
          402  -0.000316628
          403    0.00170865
          404   -0.00289759
          405   0.000106489
          406    0.00193684
          407   -0.00236303
          408   0.000738386
          409   -0.00152522
          410     -0.008743
          411    0.00211788
          412    0.00135571
          413  -0.000686045
          414    -0.0053236
          415     0.0134833
          416      0.049693
