       #varID adjointSensitivity
          171   -0.00313895
          172     0.0011921
          173    -0.0190977
          174    0.00033679
          175   -0.00173012
          176    -0.0159127
          177    0.00747685
          178    -0.0109168
          179   -0.00660301
          180    0.00763159
          181    -0.0148759
          182    0.00813105
          183    0.00124969
          184   -0.00648061
          185     0.0125767
          192   -0.00436459
          193   -0.00480824
          194    -0.0244358
          195     0.0011935
          196   -0.00511227
          197    -0.0226082
          198    0.00731469
          199    0.00298163
          200    -0.0189066
          201     0.0174858
          202    -0.0109853
          203    -0.0103584
          204     0.0113212
          205    -0.0144568
          206     0.0103065
          213   -0.00316033
          214   -0.00303419
          215     -0.033503
          216    0.00102914
          217     0.0018388
          218    -0.0316244
          219   0.000715951
          220     0.0156063
          221    -0.0291837
          222     0.0155391
          223    0.00109433
          224     -0.023914
          225     0.0115308
          226    0.00456463
          227    0.00674687
          234   -0.00282304
          235   9.07375e-05
          236    -0.0277301
          237   0.000855768
          238    0.00123893
          239    -0.0271745
          240     0.0027329
          241   -0.00121536
          242    -0.0254672
          243    0.00610872
          244   0.000204946
          245    -0.0159981
          246   -0.00084747
          247     0.0209656
          248     0.0344673
          255   -0.00189566
          256   -0.00120496
          257    -0.0155508
          258    0.00113917
          259   -0.00665754
          260    -0.0185374
          261    0.00360512
          262    -0.0170591
          263    -0.0242008
          264    0.00440075
          265   -0.00285367
          266   -0.00675743
          267     -0.001327
          268     0.0288044
          269     0.0497654
          318  -0.000696276
          319   -0.00292813
          320   -0.00351396
          321   0.000673051
          322    -0.0048197
          323   -0.00175984
          324    0.00322722
          325   -0.00523207
          326  -0.000239254
          327    0.00536012
          328    -0.0127834
          329     0.0096165
          330    0.00262134
          331    -0.0114353
          332     0.0144682
          339   0.000125252
          340    -0.0120451
          341   -0.00523288
          342    0.00564004
          343    -0.0187121
          344    0.00468436
          345    0.00446233
          346  -0.000821776
          347     0.0029599
          348     0.0192327
          349    -0.0217035
          350    0.00574375
          351     0.0199863
          352    -0.0358472
          353     0.0315807
          360    0.00192226
          361    -0.0059703
          362   -0.00941661
          363    0.00275439
          364   -0.00269223
          365   4.09338e-05
          366   -0.00489308
          367     0.0157762
          368   -0.00110914
          369     0.0142678
          370   -0.00260771
          371   -0.00872336
          372   0.000532549
          373     0.0107358
          374     0.0318748
          381  -8.96248e-05
          382   0.000239185
          383   -0.00778678
          384  -0.000794382
          385    0.00395903
          386   -0.00686428
          387   -0.00109529
          388    0.00378113
          389    -0.0109563
          390    0.00140919
          391    0.00681657
          392    -0.0057649
          393    -0.0186685
          394     0.0411804
          395     0.0470034
          402  -0.000396343
          403   0.000872274
          404   -0.00436139
          405   0.000282902
          406  -0.000332873
          407    -0.0050532
          408   0.000910147
          409   -0.00461134
          410    -0.0101261
          411    0.00192351
          412   0.000272721
          413    0.00171821
          414   -0.00154736
          415     0.0166482
          416     0.0474886
