       #varID adjointSensitivity
          171   -0.00205964
          172   -0.00206079
          173   -0.00547235
          174   0.000655174
          175   -0.00413595
          176   -0.00519183
          177     0.0053499
          178   -0.00885255
          179   -0.00127321
          180    0.00385909
          181   -0.00689062
          182    0.00249668
          183  -0.000229208
          184    0.00108711
          185    0.00413622
          192   -0.00176537
          193    -0.0100551
          194   -0.00873837
          195     0.0036306
          196    -0.0140724
          197   -0.00714658
          198    0.00265149
          199     0.0049743
          200   -0.00567898
          201    0.00392778
          202    0.00114826
          203    -0.0111232
          204    0.00470613
          205   -0.00340636
          206   -0.00233702
          213   0.000283261
          214     -0.006344
          215    -0.0145096
          216     0.0012031
          217    -0.0010355
          218     -0.013635
          219   -0.00405699
          220     0.0247751
          221   -0.00335503
          222   0.000937576
          223    0.00635881
          224   -0.00757278
          225    0.00488243
          226  -0.000839169
          227   -0.00885298
          234  -0.000614608
          235  -0.000458894
          236     -0.011787
          237   0.000188746
          238    0.00250181
          239   -0.00970745
          240     0.0034183
          241    0.00646127
          242     0.0101894
          243  -0.000158905
          244   0.000337723
          245    0.00215058
          246   -0.00328056
          247    0.00624478
          248   -0.00483284
          255  -0.000997222
          256   0.000448568
          257    -0.0060364
          258   0.000365501
          259  -0.000233889
          260   -0.00399124
          261    0.00374783
          262  -6.15774e-05
          263    0.00801464
          264  -0.000360206
          265    -0.0034946
          266  -0.000173895
          267   -0.00365669
          268     0.0064096
          269   0.000440156
          318  -0.000381791
          319   -0.00398657
          320   -0.00141636
          321    0.00137546
          322   -0.00681437
          323   -0.00106094
          324    0.00249866
          325   -0.00505516
          326    0.00196644
          327    0.00249619
          328    -0.0059122
          329    0.00719313
          330      0.001081
          331   -0.00366484
          332    0.00693249
          339    0.00107058
          340     -0.015311
          341    -0.0028618
          342    0.00878633
          343    -0.0266992
          344    0.00311747
          345    0.00288326
          346    0.00166971
          347    0.00521956
          348    0.00693772
          349   -0.00755506
          350   0.000866307
          351     0.0113034
          352    -0.0194646
          353    0.00954944
          360    0.00247139
          361   -0.00927431
          362   -0.00472759
          363     0.0036326
          364   -0.00639207
          365    0.00180188
          366   -0.00911078
          367      0.028099
          368    0.00621976
          369    0.00302548
          370    0.00192838
          371   -0.00380788
          372    0.00435352
          373   0.000457729
          374    0.00119579
          381   0.000384505
          382  -0.000426712
          383   -0.00363851
          384  -0.000763746
          385    0.00376538
          386    -0.0021468
          387   -0.00131491
          388     0.0080878
          389    0.00534429
          390   -0.00228375
          391    0.00301835
          392  -0.000215271
          393    -0.0125757
          394     0.0226562
          395  -0.000453661
          402  -0.000227607
          403   0.000974306
          404   -0.00161131
          405   0.000104739
          406   0.000743848
          407  -0.000572164
          408    0.00117585
          409    0.00118725
          410    0.00438973
          411   -0.00215456
          412   -0.00285498
          413   0.000717885
          414   -0.00461908
          415    0.00327505
          416    0.00490803
