       #varID adjointSensitivity
          171   -0.00319365
          172    0.00237498
          173    -0.0229289
          174   0.000362202
          175   -0.00108649
          176    -0.0184556
          177    0.00733784
          178    -0.0111164
          179   -0.00691759
          180    0.00864932
          181    -0.0170109
          182    0.00708313
          183    0.00199879
          184   -0.00927175
          185     0.0121094
          192    -0.0048193
          193    -0.0026614
          194     -0.026245
          195   0.000622364
          196   -0.00258696
          197    -0.0254646
          198    0.00948508
          199    0.00156565
          200    -0.0220794
          201     0.0219855
          202    -0.0149987
          203   -0.00956978
          204     0.0134039
          205    -0.0184365
          206      0.012596
          213   -0.00370487
          214   -0.00215251
          215     -0.033462
          216   0.000648998
          217    0.00239832
          218    -0.0329187
          219    0.00403516
          220     0.0124091
          221    -0.0344458
          222     0.0225912
          223   -0.00107375
          224    -0.0280658
          225     0.0143088
          226    0.00410079
          227    0.00986504
          234   -0.00283811
          235   0.000578704
          236    -0.0265103
          237   0.000570499
          238    0.00212322
          239    -0.0262344
          240    0.00387756
          241  -0.000763122
          242    -0.0300393
          243     0.0116555
          244    0.00130549
          245    -0.0226484
          246   0.000283229
          247      0.021304
          248     0.0398937
          255    -0.0017619
          256   0.000200697
          257    -0.0133681
          258   0.000718676
          259   -0.00254211
          260     -0.016177
          261    0.00287661
          262    -0.0115847
          263     -0.024673
          264    0.00494817
          265    0.00171441
          266   -0.00576921
          267   -0.00226001
          268     0.0250284
          269     0.0587767
          318  -0.000753296
          319   -0.00198531
          320    -0.0041589
          321   0.000386374
          322   -0.00361419
          323   -0.00226508
          324    0.00328009
          325    -0.0051124
          326   -0.00100282
          327    0.00608533
          328    -0.0146849
          329    0.00882343
          330    0.00286967
          331    -0.0138037
          332     0.0148865
          339  -0.000255407
          340   -0.00938735
          341   -0.00533649
          342    0.00418209
          343    -0.0145491
          344    0.00393851
          345    0.00539085
          346   -0.00145071
          347    0.00103208
          348     0.0229118
          349     -0.026114
          350    0.00731537
          351     0.0219602
          352     -0.041379
          353     0.0367793
          360    0.00156644
          361   -0.00507029
          362   -0.00925384
          363    0.00198609
          364    -0.0013701
          365  -0.000506503
          366   -0.00240724
          367     0.0129047
          368   -0.00411188
          369     0.0191484
          370   -0.00471218
          371   -0.00961908
          372  -0.000576832
          373    0.00973755
          374     0.0398231
          381  -0.000123021
          382   0.000379721
          383   -0.00746992
          384  -0.000850225
          385    0.00421094
          386   -0.00654711
          387   2.63415e-05
          388    0.00352435
          389    -0.0134962
          390    0.00469261
          391    0.00754652
          392   -0.00916906
          393    -0.0207921
          394     0.0419082
          395     0.0547775
          402  -0.000375308
          403    0.00122658
          404   -0.00372078
          405   0.000228552
          406    0.00063137
          407   -0.00417411
          408    0.00109537
          409   -0.00359396
          410    -0.0112442
          411    0.00269342
          412    0.00181198
          413   0.000309119
          414   -0.00366292
          415     0.0166021
          416     0.0536149
