       #varID adjointSensitivity
          171   -0.00221849
          172    0.00282249
          173    -0.0233604
          174   0.000462721
          175   -0.00101636
          176     -0.017958
          177    0.00671002
          178    -0.0119907
          179   -0.00475572
          180    0.00820733
          181    -0.0176433
          182    0.00234923
          183    0.00153092
          184   -0.00909324
          185    0.00826602
          192   -0.00385635
          193   -0.00140015
          194     -0.023386
          195  -0.000145702
          196   -0.00111272
          197    -0.0240513
          198     0.0110857
          199   0.000274589
          200    -0.0228184
          201     0.0254644
          202    -0.0166399
          203    -0.0118533
          204     0.0140789
          205    -0.0190516
          206     0.0126685
          213   -0.00245528
          214  -0.000361703
          215    -0.0250613
          216  -5.83535e-05
          217    0.00206311
          218     -0.025925
          219     0.0065299
          220    0.00854279
          221    -0.0327575
          222     0.0280986
          223   -0.00281605
          224    -0.0313165
          225     0.0183031
          226   0.000849333
          227    0.00559533
          234   -0.00144507
          235    0.00150234
          236    -0.0168311
          237  -0.000149766
          238    0.00263512
          239    -0.0141983
          240    0.00217386
          241   0.000940615
          242    -0.0175586
          243     0.0125538
          244    0.00449213
          245    -0.0229049
          246   0.000954245
          247     0.0106148
          248     0.0267138
          255  -0.000941736
          256    0.00355408
          257   -0.00551516
          258  -0.000173752
          259    0.00439442
          260   -0.00400655
          261  -0.000536659
          262    0.00224041
          263   -0.00512782
          264    0.00276725
          265     0.0144369
          266   -0.00142568
          267   -0.00308714
          268    0.00609723
          269     0.0501101
          318  -0.000617446
          319   -0.00160111
          320   -0.00417501
          321   0.000185329
          322   -0.00305315
          323   -0.00222314
          324    0.00305917
          325   -0.00514127
          326  -0.000848464
          327    0.00599927
          328    -0.0151474
          329    0.00687079
          330    0.00252084
          331    -0.0140767
          332     0.0137307
          339  -0.000304723
          340   -0.00750348
          341    -0.0046327
          342    0.00269206
          343    -0.0118439
          344    0.00423822
          345    0.00588054
          346   -0.00228438
          347   0.000537684
          348     0.0257111
          349     -0.028517
          350    0.00811267
          351     0.0228006
          352    -0.0433072
          353     0.0398696
          360    0.00149102
          361   -0.00239354
          362   -0.00749989
          363    0.00151815
          364   -0.00131589
          365   0.000661448
          366   0.000426572
          367    0.00763344
          368   -0.00349647
          369     0.0236542
          370   -0.00736337
          371   -0.00972672
          372    0.00347231
          373    0.00549218
          374     0.0360883
          381    0.00017217
          382    0.00103422
          383   -0.00521798
          384  -0.000587162
          385     0.0037483
          386   -0.00357903
          387   0.000592258
          388    0.00292807
          389   -0.00889594
          390    0.00644285
          391    0.00693758
          392    -0.0105261
          393     -0.018104
          394     0.0345128
          395     0.0363164
          402  -0.000135124
          403    0.00222292
          404   -0.00176597
          405    0.00013955
          406     0.0027912
          407  -0.000663234
          408   0.000666689
          409   0.000136874
          410   -0.00481544
          411    0.00230144
          412     0.0029103
          413  -0.000685935
          414   -0.00435366
          415    0.00920234
          416     0.0343049
