       #varID adjointSensitivity
          171   -0.00202347
          172   -0.00210956
          173    -0.0059143
          174   0.000682145
          175   -0.00415846
          176   -0.00551571
          177    0.00562476
          178   -0.00919017
          179   -0.00123905
          180    0.00402913
          181   -0.00728695
          182    0.00232761
          183  -0.000309102
          184   0.000994443
          185     0.0043172
          192   -0.00170368
          193    -0.0103439
          194   -0.00957847
          195    0.00373665
          196    -0.0138688
          197   -0.00792743
          198    0.00290641
          199    0.00490603
          200   -0.00613214
          201    0.00437389
          202    0.00097484
          203    -0.0115767
          204    0.00492018
          205   -0.00340236
          206   -0.00201776
          213   0.000278292
          214   -0.00637658
          215    -0.0159711
          216    0.00143613
          217  -0.000796323
          218    -0.0145835
          219   -0.00438505
          220     0.0246273
          221   -0.00469968
          222    0.00134196
          223    0.00630948
          224   -0.00857486
          225    0.00530817
          226  -0.000345789
          227   -0.00830413
          234  -0.000662461
          235  -0.000459329
          236    -0.0128832
          237   0.000212505
          238    0.00252288
          239    -0.0105605
          240    0.00268836
          241    0.00605303
          242    0.00770168
          243  -3.15766e-05
          244   0.000250257
          245    0.00191474
          246   -0.00299664
          247    0.00710636
          248   -0.00237277
          255   -0.00101531
          256   0.000322153
          257    -0.0065624
          258   0.000390895
          259  -0.000532086
          260   -0.00467495
          261    0.00338176
          262   -0.00100751
          263     0.0060872
          264  -0.000244327
          265   -0.00409953
          266  -5.28695e-05
          267    -0.0033833
          268    0.00758142
          269     0.0033973
          318  -0.000363843
          319   -0.00418953
          320    -0.0014703
          321    0.00143686
          322   -0.00701424
          323  -0.000992731
          324     0.0026153
          325   -0.00515954
          326    0.00195804
          327    0.00261466
          328   -0.00615421
          329    0.00708667
          330    0.00109964
          331   -0.00385019
          332    0.00720425
          339    0.00117787
          340    -0.0159251
          341    -0.0030339
          342    0.00915036
          343    -0.0271581
          344    0.00359761
          345    0.00297601
          346    0.00168304
          347    0.00566044
          348    0.00738156
          349   -0.00771647
          350   0.000737246
          351     0.0117848
          352    -0.0196497
          353     0.0102113
          360    0.00262486
          361    -0.0094322
          362   -0.00515748
          363    0.00386133
          364   -0.00631268
          365    0.00211623
          366   -0.00955324
          367     0.0279706
          368    0.00653185
          369    0.00340098
          370    0.00201275
          371   -0.00433784
          372    0.00447907
          373    0.00142326
          374    0.00184477
          381   0.000398294
          382  -0.000400184
          383   -0.00393028
          384   -0.00082648
          385    0.00390312
          386   -0.00235203
          387    -0.0017145
          388    0.00796747
          389     0.0042273
          390   -0.00219071
          391    0.00324317
          392  -7.24894e-05
          393    -0.0128067
          394     0.0239187
          395    0.00202174
          402  -0.000222424
          403   0.000986687
          404   -0.00175831
          405   0.000100263
          406   0.000741416
          407  -0.000781768
          408    0.00100321
          409   0.000879777
          410    0.00348584
          411   -0.00200699
          412   -0.00298366
          413    0.00120839
          414      -0.00428
          415    0.00393542
          416    0.00737225
