       #varID adjointSensitivity
          171    -0.0028497
          172   0.000491456
          173    -0.0164947
          174   0.000438805
          175   -0.00222563
          176    -0.0138042
          177    0.00747399
          178    -0.0110762
          179   -0.00531684
          180    0.00689438
          181    -0.0136426
          182    0.00690729
          183   0.000678004
          184   -0.00472042
          185     0.0110931
          192   -0.00374936
          193   -0.00614305
          194    -0.0220991
          195    0.00183247
          196   -0.00688186
          197     -0.019908
          198    0.00641944
          199     0.0034191
          200    -0.0161564
          201     0.0147535
          202   -0.00839155
          203    -0.0110629
          204    0.00997574
          205    -0.0117916
          206    0.00789554
          213   -0.00235119
          214   -0.00383881
          215    -0.0311446
          216    0.00128655
          217    0.00142275
          218    -0.0286084
          219    -0.0010995
          220     0.0177184
          221    -0.0246979
          222     0.0120663
          223    0.00241474
          224    -0.0216257
          225     0.0104323
          226    0.00403848
          227    0.00360241
          234   -0.00236087
          235  -2.82919e-05
          236    -0.0256559
          237   0.000749232
          238    0.00148558
          239      -0.02427
          240    0.00178978
          241  -5.61288e-05
          242     -0.019915
          243    0.00380762
          244  -4.87388e-05
          245    -0.0123101
          246  -0.000963567
          247     0.0185725
          248     0.0285235
          255   -0.00172759
          256  -0.000917693
          257    -0.0142762
          258    0.00101668
          259   -0.00579493
          260    -0.0160351
          261    0.00300177
          262    -0.0144614
          263     -0.018595
          264    0.00319538
          265   -0.00429049
          266   -0.00532605
          267  -0.000970668
          268     0.0246934
          269     0.0415995
          318  -0.000624247
          319   -0.00334159
          320   -0.00305973
          321   0.000859227
          322   -0.00538632
          323   -0.00144787
          324    0.00320941
          325   -0.00537429
          326   0.000316247
          327    0.00472826
          328     -0.011509
          329    0.00919097
          330    0.00219704
          331   -0.00975958
          332      0.013272
          339   0.000389005
          340     -0.013326
          341   -0.00486488
          342    0.00659344
          343    -0.0208008
          344    0.00496738
          345    0.00414919
          346  -0.000396501
          347    0.00396168
          348     0.0168429
          349    -0.0186453
          350    0.00460682
          351     0.0185623
          352    -0.0320521
          353     0.0273475
          360    0.00222007
          361   -0.00685068
          362   -0.00888242
          363    0.00315113
          364    -0.0034152
          365   0.000750629
          366   -0.00642549
          367     0.0181874
          368   0.000825196
          369     0.0117401
          370   -0.00136036
          371   -0.00828034
          372    0.00178905
          373    0.00976387
          374     0.0253906
          381   4.11045e-05
          382   0.000131306
          383   -0.00724329
          384  -0.000854459
          385    0.00405945
          386   -0.00605406
          387   -0.00174533
          388     0.0045262
          389   -0.00846606
          390   0.000127009
          391    0.00611289
          392   -0.00448897
          393    -0.0168977
          394     0.0382351
          395     0.0391139
          402  -0.000349491
          403   0.000942498
          404   -0.00398218
          405   0.000242475
          406  -0.000116886
          407   -0.00428739
          408   0.000644497
          409   -0.00373302
          410   -0.00777241
          411    0.00109217
          412  -0.000852509
          413    0.00170761
          414   -0.00115954
          415     0.0141048
          416     0.0404398
