       #varID adjointSensitivity
          171   -0.00264652
          172  -8.36092e-05
          173    -0.0144516
          174   0.000541738
          175   -0.00266033
          176    -0.0121151
          177    0.00747916
          178    -0.0111694
          179   -0.00420948
          180     0.0063282
          181    -0.0126235
          182    0.00580424
          183   0.000259808
          184   -0.00334894
          185    0.00972129
          192   -0.00329278
          193   -0.00724918
          194    -0.0201227
          195     0.0024185
          196   -0.00839527
          197    -0.0177037
          198    0.00579578
          199    0.00375678
          200    -0.0139404
          201     0.0125693
          202   -0.00634017
          203    -0.0116208
          204    0.00888267
          205   -0.00974625
          206     0.0058629
          213    -0.0017303
          214   -0.00459647
          215     -0.029122
          216    0.00152465
          217     0.0010918
          218    -0.0261213
          219   -0.00243393
          220      0.019612
          221    -0.0210272
          222    0.00948058
          223     0.0034468
          224    -0.0198349
          225    0.00945672
          226    0.00349535
          227    0.00106231
          234   -0.00200078
          235   -0.00015135
          236    -0.0238914
          237   0.000659797
          238    0.00175502
          239    -0.0218675
          240    0.00121041
          241    0.00107001
          242    -0.0154421
          243    0.00235788
          244  -0.000170276
          245   -0.00939596
          246   -0.00112511
          247     0.0166115
          248     0.0238535
          255   -0.00159276
          256  -0.000728453
          257     -0.013192
          258   0.000907388
          259   -0.00499533
          260    -0.0140249
          261    0.00260323
          262    -0.0121556
          263     -0.014319
          264    0.00230015
          265   -0.00523409
          266    -0.0038033
          267   -0.00083806
          268     0.0214003
          269     0.0356211
          318  -0.000569076
          319   -0.00364969
          320   -0.00272403
          321    0.00101934
          322   -0.00584269
          323   -0.00123952
          324    0.00320571
          325   -0.00548533
          326   0.000781277
          327    0.00423745
          328    -0.0104892
          329     0.0087609
          330    0.00187164
          331   -0.00844257
          332     0.0121741
          339   0.000595314
          340    -0.0143209
          341   -0.00458921
          342    0.00739868
          343     -0.022464
          344    0.00509104
          345    0.00394836
          346   1.83289e-05
          347    0.00481139
          348     0.0149243
          349    -0.0162459
          350    0.00367053
          351     0.0173743
          352    -0.0291313
          353      0.023857
          360    0.00244626
          361   -0.00766729
          362   -0.00842668
          363    0.00346299
          364    -0.0039456
          365    0.00128719
          366   -0.00762978
          367     0.0204341
          368    0.00234681
          369    0.00982948
          370  -0.000377019
          371   -0.00798793
          372    0.00267717
          373    0.00877731
          374     0.0203204
          381   0.000141595
          382   6.74001e-06
          383   -0.00678022
          384  -0.000912495
          385    0.00416965
          386   -0.00538868
          387   -0.00218623
          388    0.00523808
          389   -0.00647501
          390  -0.000689889
          391    0.00557814
          392   -0.00349986
          393    -0.0156395
          394     0.0358053
          395     0.0329327
          402  -0.000318508
          403   0.000956739
          404   -0.00364857
          405   0.000209932
          406   3.81237e-05
          407   -0.00367402
          408   0.000491384
          409   -0.00296064
          410    -0.0059257
          411    0.00047351
          412   -0.00160675
          413    0.00190176
          414   -0.00100447
          415     0.0120381
          416     0.0349095
