       #varID adjointSensitivity
          171   -0.00216614
          172   -0.00161184
          173   -0.00890573
          174   0.000756588
          175   -0.00385085
          176   -0.00764546
          177     0.0070691
          178    -0.0107769
          179   -0.00154254
          180    0.00480511
          181   -0.00962436
          182    0.00252783
          183  -0.000513295
          184  -0.000150159
          185    0.00575083
          192   -0.00214667
          193   -0.00995735
          194    -0.0139354
          195    0.00366848
          196    -0.0122715
          197    -0.0117385
          198    0.00412947
          199    0.00464767
          200   -0.00866286
          201      0.006896
          202   -0.00118392
          203    -0.0126128
          204    0.00608393
          205   -0.00498987
          206   0.000570279
          213  -0.000197552
          214   -0.00615278
          215    -0.0219288
          216     0.0018995
          217   6.52869e-05
          218     -0.019041
          219   -0.00489245
          220     0.0237967
          221    -0.0110804
          222    0.00371265
          223    0.00578058
          224     -0.013632
          225    0.00707502
          226    0.00153604
          227   -0.00520448
          234   -0.00103874
          235  -0.000334447
          236    -0.0176592
          237   0.000344661
          238    0.00246264
          239    -0.0147025
          240   0.000819396
          241    0.00417419
          242   -0.00202971
          243   0.000319393
          244  -0.000226242
          245   -0.00150068
          246   -0.00159236
          247     0.0107571
          248    0.00827929
          255   -0.00120886
          256   0.000196026
          257   -0.00932023
          258   0.000525866
          259   -0.00194191
          260   -0.00793263
          261     0.0024177
          262   -0.00518888
          263   -0.00146251
          264     0.0008063
          265   -0.00617762
          266   -6.1373e-05
          267   -0.00138779
          268     0.0119891
          269     0.0152982
          318  -0.000406691
          319   -0.00436386
          320   -0.00188591
          321    0.00141758
          322   -0.00701306
          323  -0.000892648
          324    0.00306764
          325   -0.00559584
          326    0.00187957
          327    0.00307578
          328   -0.00778763
          329    0.00743591
          330    0.00122768
          331   -0.00523036
          332    0.00895995
          339    0.00115801
          340    -0.0165434
          341   -0.00376479
          342    0.00923675
          343    -0.0265312
          344    0.00479169
          345    0.00334281
          346    0.00131412
          347     0.0064097
          348    0.00991903
          349    -0.0103233
          350    0.00153924
          351     0.0140254
          352    -0.0222349
          353     0.0148929
          360    0.00289121
          361   -0.00941831
          362   -0.00675715
          363    0.00416243
          364   -0.00535565
          365    0.00237859
          366   -0.00992399
          367     0.0261426
          368    0.00587861
          369    0.00547793
          370    0.00169957
          371   -0.00625528
          372    0.00440572
          373    0.00510997
          374    0.00762534
          381   0.000378371
          382  -0.000245817
          383   -0.00517804
          384  -0.000985689
          385    0.00432598
          386   -0.00343865
          387   -0.00265297
          388    0.00713222
          389  -0.000343613
          390   -0.00189055
          391    0.00408301
          392  -0.000920868
          393    -0.0133064
          394     0.0287304
          395     0.0140349
          402  -0.000244132
          403     0.0011218
          404   -0.00251042
          405   0.000104894
          406   0.000631076
          407   -0.00180203
          408   0.000500165
          409  -0.000600005
          410  -0.000274382
          411  -0.000937954
          412   -0.00315117
          413    0.00199952
          414   -0.00200922
          415    0.00662094
          416      0.017671
