       #varID adjointSensitivity
          171   -0.00918913
          172     0.0165137
          173    -0.0302003
          174   -0.00270459
          175   -0.00577494
          176   -0.00780571
          177    0.00522727
          178    -0.0151737
          179     0.0100958
          180    0.00291079
          181   -0.00430608
          182    0.00665442
          183  -0.000189409
          184   0.000820628
          185     0.0066155
          192    -0.0115418
          193     0.0254805
          194    -0.0289723
          195    0.00466102
          196    -0.0297224
          197      0.017409
          198     0.0105564
          199     -0.020898
          200     0.0191004
          201    0.00652914
          202    -0.0035296
          203    -0.0107258
          204    0.00700597
          205    -0.0223158
          206   -0.00146624
          213    0.00017524
          214   -0.00704965
          215   -0.00600759
          216   -0.00258201
          217   -0.00317446
          218   -0.00774274
          219    0.00340824
          220      0.010256
          221    0.00122164
          222     0.0125147
          223    -0.0615794
          224    0.00284104
          225     0.0230116
          226     -0.185633
          227      0.016428
          234  -0.000619933
          235   -0.00136333
          236   -0.00819534
          237   -0.00137174
          238    0.00491208
          239     -0.011649
          240    0.00825822
          241    0.00587032
          242     0.0205836
          243    0.00327932
          244    -0.0378894
          245      0.010365
          246    0.00361842
          247     -0.105185
          248    0.00535339
          255  -0.000841088
          256    0.00107779
          257   -0.00400681
          258   0.000514665
          259   0.000403748
          260    -0.0024082
          261    0.00615275
          262    0.00351823
          263     0.0176752
          264   -0.00156812
          265   -0.00224031
          266   -0.00100635
          267   -0.00506161
          268   0.000356608
          269    -0.0115923
          318   -0.00246615
          319    0.00584248
          320   -0.00746935
          321   7.77966e-05
          322   -0.00333274
          323   -0.00250817
          324    0.00237203
          325   -0.00660573
          326    0.00445503
          327    0.00188942
          328   -0.00432328
          329    0.00842477
          330    0.00107757
          331   -0.00289337
          332    0.00597298
          339   -0.00173076
          340    0.00505083
          341   -0.00564066
          342    0.00863052
          343    -0.0245025
          344    0.00714891
          345    0.00770397
          346    -0.0099917
          347    0.00744191
          348    0.00892425
          349    -0.0057419
          350   -0.00319314
          351     0.0129334
          352    -0.0204264
          353     0.0002656
          360    0.00208413
          361   -0.00948689
          362    -0.0012049
          363    0.00222037
          364    -0.0074463
          365   0.000645165
          366    -0.0020465
          367     0.0241038
          368    0.00164977
          369    0.00438142
          370     0.0374812
          371    -0.0145461
          372   0.000515936
          373     0.0127478
          374    -0.0059635
          381   0.000252279
          382   -0.00124982
          383   -0.00279605
          384   -0.00104319
          385    0.00399348
          386   -0.00301737
          387    0.00112884
          388     0.0116844
          389    0.00959068
          390   -0.00581171
          391     0.0287672
          392   -0.00411729
          393    -0.0193235
          394     0.0300661
          395   -0.00534899
          402  -0.000196451
          403   0.000850567
          404    -0.0011628
          405   0.000228559
          406   0.000608264
          407  -7.66707e-05
          408    0.00220107
          409    0.00254269
          410    0.00888541
          411   -0.00309494
          412   -0.00129055
          413   -0.00195962
          414   -0.00618079
          415     0.0011898
          416   -0.00542293
