       #varID adjointSensitivity
          171   -0.00315489
          172    0.00359726
          173    -0.0270876
          174   5.65227e-05
          175  -0.000230745
          176    -0.0223636
          177    0.00710805
          178    -0.0111947
          179    -0.0106389
          180    0.00973029
          181    -0.0199728
          182    0.00734211
          183    0.00188713
          184    -0.0122743
          185     0.0144734
          192   -0.00545616
          193    0.00101802
          194    -0.0268024
          195   -0.00183053
          196    0.00242135
          197    -0.0296342
          198     0.0122585
          199  -0.000320592
          200    -0.0301217
          201     0.0295216
          202    -0.0222544
          203   -0.00892489
          204      0.014968
          205    -0.0242507
          206     0.0195998
          213   -0.00454138
          214    0.00204334
          215    -0.0283894
          216  -0.000754953
          217    0.00295971
          218    -0.0327542
          219     0.0104646
          220    0.00419027
          221    -0.0420171
          222     0.0328469
          223   -0.00510987
          224    -0.0295243
          225     0.0181681
          226    0.00303822
          227     0.0133909
          234    -0.0029975
          235    0.00168231
          236    -0.0205209
          237  -0.000268372
          238    0.00269098
          239    -0.0200999
          240    0.00446996
          241   -0.00066453
          242    -0.0271208
          243     0.0154122
          244    0.00181991
          245    -0.0216089
          246    0.00100875
          247     0.0225398
          248      0.032828
          255   -0.00190863
          256    0.00190494
          257   -0.00985238
          258  -0.000818661
          259    0.00382888
          260    -0.0108519
          261   0.000610234
          262   -0.00502728
          263     -0.018596
          264    0.00324039
          265   -0.00083412
          266    0.00197849
          267   -0.00428761
          268     0.0218008
          269     0.0531507
          318   -0.00084524
          319    -0.0011289
          320   -0.00489142
          321  -0.000143148
          322   -0.00234099
          323   -0.00281777
          324    0.00318266
          325   -0.00489706
          326   -0.00226923
          327    0.00722595
          328    -0.0178282
          329    0.00947331
          330    0.00310335
          331    -0.0172053
          332     0.0174904
          339  -0.000887886
          340    -0.0052788
          341   -0.00526995
          342   0.000962642
          343   -0.00872252
          344    0.00387735
          345    0.00631418
          346   -0.00359311
          347   -0.00133967
          348     0.0295155
          349    -0.0352466
          350     0.0116861
          351     0.0240505
          352    -0.0507569
          353     0.0496489
          360   0.000733871
          361   0.000660448
          362   -0.00845943
          363     0.0011937
          364  -0.000597428
          365  -0.000934966
          366    0.00417179
          367    0.00141175
          368   -0.00646636
          369     0.0269517
          370   -0.00988275
          371   -0.00753859
          372  -0.000950337
          373    0.00792631
          374     0.0484064
          381  -0.000253241
          382    0.00135643
          383   -0.00614247
          384  -0.000278729
          385    0.00305247
          386   -0.00509728
          387    0.00217215
          388    0.00125673
          389    -0.0122727
          390     0.0074092
          391    0.00794937
          392    -0.0100501
          393     -0.023073
          394     0.0421857
          395     0.0460353
          402  -0.000389858
          403    0.00161346
          404   -0.00273345
          405  -4.17748e-05
          406    0.00233123
          407   -0.00205552
          408    0.00100733
          409   -0.00174843
          410   -0.00839232
          411    0.00225315
          412    0.00126762
          413   0.000182536
          414   -0.00694003
          415     0.0144994
          416     0.0406408
