       #varID adjointSensitivity
          171   -0.00210322
          172   -0.00182507
          173   -0.00799084
          174   0.000756761
          175   -0.00399584
          176   -0.00695876
          177    0.00672533
          178    -0.0104177
          179   -0.00130902
          180    0.00455034
          181   -0.00898587
          182    0.00221422
          183  -0.000488428
          184   0.000251575
          185     0.0052473
          192   -0.00197892
          193    -0.0102577
          194    -0.0127466
          195    0.00377487
          196    -0.0128036
          197    -0.0106938
          198    0.00377699
          199    0.00478726
          200   -0.00784134
          201    0.00604057
          202  -0.000417503
          203    -0.0124992
          204    0.00570732
          205   -0.00439112
          206  -0.000239897
          213  -9.58649e-06
          214   -0.00629184
          215    -0.0204273
          216    0.00187487
          217   -0.00016084
          218    -0.0177898
          219   -0.00494843
          220     0.0241872
          221   -0.00922327
          222    0.00294783
          223    0.00601745
          224    -0.0123096
          225    0.00660942
          226    0.00108799
          227   -0.00619375
          234  -0.000910818
          235  -0.000355079
          236    -0.0164439
          237   0.000299806
          238    0.00251312
          239    -0.0135071
          240    0.00114075
          241    0.00466573
          242   0.000581791
          243   0.000235957
          244  -0.000246084
          245  -0.000385567
          246   -0.00188035
          247    0.00969727
          248    0.00526315
          255   -0.00116336
          256   0.000346893
          257    -0.0086273
          258   0.000463345
          259   -0.00147481
          260   -0.00700597
          261    0.00262007
          262   -0.00417546
          263   0.000653059
          264   0.000594387
          265   -0.00627586
          266   5.99036e-05
          267    -0.0018283
          268     0.0106711
          269      0.011882
          318  -0.000382531
          319     -0.004407
          320   -0.00175672
          321    0.00146823
          322   -0.00712743
          323  -0.000884729
          324    0.00297527
          325   -0.00551467
          326    0.00195015
          327    0.00295835
          328   -0.00729956
          329    0.00720484
          330    0.00121765
          331   -0.00477866
          332    0.00840979
          339    0.00122161
          340    -0.0166537
          341   -0.00359623
          342    0.00943238
          343    -0.0269689
          344    0.00458182
          345     0.0032162
          346    0.00154003
          347    0.00643516
          348    0.00913511
          349   -0.00942478
          350    0.00118409
          351     0.0134627
          352    -0.0213615
          353     0.0134297
          360    0.00288368
          361   -0.00954905
          362   -0.00638502
          363    0.00419604
          364   -0.00560801
          365    0.00243615
          366    -0.0100671
          367     0.0269121
          368     0.0063158
          369    0.00483509
          370    0.00187867
          371   -0.00583767
          372    0.00453816
          373    0.00420505
          374    0.00573441
          381   0.000397341
          382  -0.000276722
          383   -0.00486614
          384  -0.000964056
          385    0.00426501
          386   -0.00311708
          387    -0.0025166
          388    0.00738978
          389   0.000875785
          390   -0.00197424
          391    0.00381425
          392  -0.000594843
          393    -0.0131297
          394     0.0274791
          395      0.010649
          402  -0.000239323
          403    0.00115091
          404   -0.00230567
          405   9.18998e-05
          406   0.000709503
          407   -0.00150111
          408    0.00060093
          409  -0.000241913
          410   0.000742079
          411   -0.00120269
          412   -0.00329236
          413    0.00192392
          414   -0.00252013
          415    0.00591163
          416     0.0149233
