       #varID adjointSensitivity
          171   -0.00238529
          172   -0.00154918
          173   -0.00530753
          174   0.000619082
          175   -0.00405533
          176   -0.00457128
          177    0.00474845
          178   -0.00785481
          179    -0.0020522
          180    0.00358487
          181    -0.0062888
          182    0.00344685
          183  -4.01021e-06
          184   0.000644232
          185    0.00484108
          192   -0.00226768
          193   -0.00883487
          194   -0.00774225
          195    0.00348714
          196    -0.0148889
          197    -0.0051923
          198    0.00241003
          199    0.00568611
          200   -0.00502732
          201    0.00341127
          202     0.0016179
          203   -0.00981596
          204    0.00430168
          205   -0.00412666
          206   -0.00239125
          213   0.000306395
          214   -0.00687143
          215    -0.0112732
          216   0.000470033
          217   -0.00156266
          218    -0.0122359
          219   -0.00306858
          220     0.0258302
          221   -0.00102649
          222   0.000763297
          223    0.00645246
          224   -0.00493989
          225    0.00389681
          226   -0.00201309
          227   -0.00973216
          234  -0.000547758
          235  -0.000497069
          236   -0.00954723
          237   7.60872e-05
          238    0.00264536
          239    -0.0084685
          240     0.0051934
          241    0.00747584
          242     0.0159912
          243  -0.000658141
          244    0.00031231
          245    0.00263633
          246   -0.00389471
          247    0.00403075
          248   -0.00985546
          255  -0.000919806
          256   0.000731033
          257   -0.00483549
          258   0.000418518
          259    0.00017337
          260   -0.00279779
          261    0.00478934
          262    0.00213394
          263     0.0129906
          264  -0.000838773
          265   -0.00217745
          266  -0.000740188
          267   -0.00432756
          268    0.00389162
          269   -0.00650264
          318  -0.000512848
          319   -0.00318229
          320    -0.0013659
          321    0.00116774
          322   -0.00598862
          323   -0.00119008
          324    0.00221563
          325    -0.0046514
          326    0.00168433
          327    0.00232468
          328   -0.00582386
          329    0.00791934
          330    0.00110341
          331   -0.00386033
          332    0.00692702
          339   0.000664856
          340    -0.0132065
          341   -0.00237894
          342     0.0076657
          343    -0.0247192
          344    0.00222266
          345    0.00271672
          346    0.00198716
          347    0.00375516
          348     0.0064714
          349   -0.00788661
          350   0.000934444
          351     0.0104995
          352    -0.0200384
          353    0.00779702
          360    0.00213446
          361   -0.00925588
          362   -0.00362644
          363    0.00283075
          364   -0.00616833
          365   0.000883111
          366   -0.00784578
          367     0.0283663
          368    0.00500493
          369    0.00257219
          370     0.0014734
          371   -0.00310387
          372     0.0032416
          373   -0.00152189
          374   -3.8303e-05
          381   0.000345578
          382  -0.000582974
          383   -0.00303902
          384  -0.000683379
          385    0.00363388
          386   -0.00189254
          387  -0.000347703
          388    0.00843114
          389    0.00792265
          390   -0.00262778
          391    0.00245686
          392  -0.000633962
          393    -0.0119424
          394     0.0191098
          395   -0.00498793
          402  -0.000217883
          403   0.000878773
          404   -0.00132444
          405   0.000155769
          406   0.000678693
          407  -0.000208636
          408    0.00162936
          409    0.00193922
          410    0.00655836
          411   -0.00250068
          412    -0.0023875
          413   -0.00068193
          414   -0.00524984
          415    0.00185626
          416  -0.000561398
