       #varID adjointSensitivity
          171   -0.00205669
          172   -0.00196714
          173   -0.00721203
          174   0.000734686
          175   -0.00407319
          176   -0.00641861
          177    0.00626684
          178   -0.00991854
          179   -0.00132513
          180    0.00439206
          181   -0.00835256
          182    0.00220156
          183  -0.000377606
          184   0.000490602
          185    0.00496584
          192   -0.00184917
          193    -0.0103826
          194     -0.011646
          195     0.0038214
          196    -0.0132055
          197   -0.00975593
          198    0.00343992
          199    0.00492251
          200   -0.00721546
          201    0.00543667
          202   0.000150719
          203    -0.0122703
          204    0.00542987
          205   -0.00401316
          206  -0.000915452
          213   0.000114796
          214   -0.00632241
          215    -0.0189537
          216    0.00179325
          217   -0.00039731
          218    -0.0166244
          219   -0.00489891
          220     0.0243562
          221   -0.00758594
          222    0.00238396
          223    0.00603579
          224    -0.0111137
          225    0.00614414
          226   0.000724933
          227   -0.00704894
          234  -0.000810745
          235  -0.000383522
          236    -0.0152626
          237   0.000271454
          238    0.00250289
          239    -0.0124357
          240    0.00156019
          241     0.0050513
          242    0.00290258
          243   0.000228336
          244  -0.000292554
          245   0.000411234
          246   -0.00221467
          247    0.00883716
          248    0.00262149
          255   -0.00111382
          256   0.000394553
          257   -0.00796239
          258   0.000431972
          259   -0.00114673
          260    -0.0062038
          261    0.00284035
          262   -0.00318243
          263    0.00246596
          264   0.000350932
          265   -0.00604302
          266   5.99822e-05
          267    -0.0023596
          268    0.00948553
          269    0.00903688
          318  -0.000371319
          319   -0.00436897
          320   -0.00163913
          321     0.0014826
          322   -0.00713288
          323  -0.000908013
          324    0.00285496
          325   -0.00536593
          326    0.00189351
          327    0.00289869
          328   -0.00688876
          329    0.00707683
          330    0.00122684
          331   -0.00449424
          332    0.00798355
          339     0.0012313
          340    -0.0165119
          341   -0.00339344
          342    0.00947879
          343    -0.0272114
          344    0.00431585
          345    0.00314376
          346    0.00170782
          347    0.00623238
          348    0.00853264
          349   -0.00873002
          350   0.000881397
          351     0.0129025
          352    -0.0207528
          353     0.0121888
          360    0.00282266
          361   -0.00954848
          362   -0.00598577
          363    0.00413071
          364   -0.00592567
          365    0.00245858
          366    -0.0101178
          367     0.0274348
          368    0.00661989
          369    0.00433954
          370    0.00192844
          371   -0.00543362
          372    0.00455025
          373    0.00341215
          374    0.00416205
          381   0.000404869
          382  -0.000311841
          383   -0.00455845
          384  -0.000928983
          385    0.00414508
          386   -0.00282852
          387   -0.00231522
          388    0.00755582
          389    0.00197227
          390   -0.00200186
          391    0.00352818
          392  -0.000377618
          393    -0.0130309
          394     0.0264112
          395    0.00767107
          402  -0.000233044
          403    0.00113301
          404   -0.00211978
          405   9.00261e-05
          406    0.00073686
          407    -0.0012466
          408    0.00071617
          409     9.331e-05
          410    0.00164417
          411   -0.00151824
          412   -0.00338056
          413    0.00177458
          414   -0.00319008
          415    0.00521621
          416     0.0124924
