       #varID adjointSensitivity
          171   -0.00350938
          172    0.00115438
          173   -0.00828674
          174  -3.60577e-05
          175   -0.00389362
          176   -0.00513538
          177    0.00460476
          178   -0.00856658
          179  -0.000210001
          180    0.00335922
          181   -0.00551371
          182    0.00399043
          183   9.06922e-06
          184   0.000597422
          185    0.00511421
          192   -0.00343095
          193   -0.00448958
          194   -0.00892107
          195    0.00346074
          196    -0.0172561
          197  -0.000833092
          198     0.0039957
          199    0.00149668
          200   -0.00109865
          201    0.00353359
          202    0.00268795
          203    -0.0101226
          204    0.00408066
          205    -0.0039439
          206   -0.00326557
          213   0.000646771
          214   -0.00852073
          215   -0.00813472
          216   -0.00087028
          217   -0.00106168
          218    -0.0116329
          219   -0.00162086
          220     0.0241735
          221  -0.000477332
          222   0.000967167
          223     0.0063405
          224   -0.00399558
          225    0.00321409
          226   -0.00209058
          227    -0.0102132
          234  -0.000558039
          235  -0.000680974
          236   -0.00850198
          237  -0.000374383
          238    0.00341852
          239    -0.0090219
          240    0.00622803
          241    0.00795536
          242     0.0186597
          243  -0.000970655
          244   3.87152e-05
          245    0.00303727
          246   -0.00426614
          247    0.00301851
          248    -0.0119222
          255   -0.00086419
          256   0.000961727
          257    -0.0041396
          258   0.000474297
          259   0.000380187
          260   -0.00229657
          261    0.00538962
          262    0.00294577
          263     0.0153816
          264   -0.00128141
          265   -0.00187166
          266   -0.00127993
          267   -0.00472979
          268    0.00307809
          269   -0.00957173
          318   -0.00082143
          319   -0.00158797
          320   -0.00203619
          321   0.000912904
          322   -0.00514659
          323    -0.0014612
          324    0.00213076
          325   -0.00473677
          326     0.0020309
          327    0.00215778
          328   -0.00535765
          329    0.00792766
          330     0.0010845
          331   -0.00375314
          332    0.00652983
          339   0.000353959
          340    -0.0101648
          341   -0.00214847
          342     0.0073597
          343    -0.0237821
          344     0.0028594
          345    0.00359045
          346   9.68022e-05
          347    0.00376093
          348    0.00650672
          349   -0.00744923
          350  -0.000228942
          351     0.0103117
          352     -0.019851
          353    0.00532702
          360    0.00214852
          361    -0.0100542
          362   -0.00243466
          363    0.00219576
          364   -0.00595966
          365   0.000486732
          366    -0.0062678
          367     0.0266334
          368    0.00422548
          369    0.00242981
          370    0.00133178
          371   -0.00301226
          372    0.00209001
          373    -0.0013566
          374  -0.000587158
          381   0.000306314
          382  -0.000789823
          383   -0.00276404
          384  -0.000787563
          385    0.00378432
          386   -0.00210462
          387   0.000285472
          388    0.00845111
          389      0.009255
          390   -0.00283121
          391    0.00214031
          392  -0.000705086
          393    -0.0116713
          394     0.0175301
          395     -0.006697
          402   -0.00020554
          403   0.000871513
          404   -0.00116657
          405   0.000192024
          406   0.000655328
          407  -5.89077e-05
          408    0.00188792
          409    0.00222568
          410    0.00772725
          411   -0.00274035
          412   -0.00220451
          413   -0.00146308
          414   -0.00551091
          415    0.00131029
          416   -0.00323604
