       #varID adjointSensitivity
          171   -0.00234626
          172  -0.000979643
          173    -0.0112172
          174   0.000685885
          175   -0.00335857
          176   -0.00947838
          177    0.00737514
          178    -0.0111297
          179   -0.00257548
          180    0.00545542
          181     -0.010981
          182    0.00382807
          183  -0.000276733
          184   -0.00138564
          185    0.00738495
          192   -0.00259783
          193   -0.00889534
          194    -0.0166682
          195    0.00323556
          196    -0.0107034
          197    -0.0142468
          198    0.00485851
          199    0.00429599
          200    -0.0108095
          201    0.00923484
          202   -0.00326076
          203    -0.0124114
          204     0.0072087
          205   -0.00680121
          206     0.0027367
          213  -0.000778654
          214   -0.00561857
          215    -0.0252366
          216    0.00181063
          217   0.000543381
          218    -0.0220615
          219   -0.00419117
          220     0.0223128
          221    -0.0153741
          222    0.00587426
          223    0.00495018
          224     -0.016458
          225    0.00811233
          226    0.00246732
          227   -0.00259251
          234   -0.00141498
          235  -0.000275528
          236    -0.0204736
          237   0.000474206
          238    0.00221539
          239    -0.0177517
          240    0.00061035
          241    0.00284401
          242   -0.00805895
          243   0.000771556
          244  -0.000250411
          245   -0.00474396
          246   -0.00123078
          247     0.0132549
          248     0.0153998
          255   -0.00135573
          256  -0.000202595
          257     -0.011016
          258   0.000701647
          259   -0.00324063
          260    -0.0104735
          261    0.00226723
          262   -0.00810625
          263   -0.00695272
          264    0.00128455
          265   -0.00583326
          266   -0.00135491
          267  -0.000849173
          268     0.0157953
          269     0.0241529
          318  -0.000480273
          319    -0.0040881
          320   -0.00221197
          321     0.0012518
          322   -0.00652602
          323  -0.000973735
          324    0.00316526
          325   -0.00560802
          326    0.00145793
          327    0.00352799
          328   -0.00895502
          329    0.00799485
          330    0.00144966
          331   -0.00652051
          332     0.0103275
          339   0.000916896
          340    -0.0157191
          341   -0.00409701
          342    0.00854091
          343    -0.0249104
          344    0.00509319
          345    0.00364069
          346    0.00072029
          347    0.00584853
          348     0.0119795
          349    -0.0127102
          350    0.00235444
          351     0.0154446
          352    -0.0248715
          353     0.0185649
          360     0.0027599
          361    -0.0088178
          362   -0.00752461
          363    0.00391423
          364   -0.00475506
          365    0.00203164
          366   -0.00919637
          367     0.0238641
          368    0.00450097
          369    0.00715244
          370   0.000984389
          371   -0.00709557
          372    0.00386382
          373    0.00686637
          374     0.0127071
          381   0.000295476
          382  -0.000157362
          383   -0.00589896
          384  -0.000988104
          385    0.00433311
          386   -0.00426454
          387   -0.00266644
          388    0.00636821
          389   -0.00312723
          390   -0.00155728
          391    0.00467806
          392   -0.00193064
          393    -0.0139227
          394     0.0316631
          395      0.022263
          402  -0.000269386
          403    0.00104805
          404   -0.00301259
          405   0.000148537
          406   0.000389687
          407   -0.00259662
          408   0.000398181
          409   -0.00160137
          410   -0.00275787
          411  -0.000354966
          412   -0.00259453
          413    0.00204509
          414    -0.0011946
          415    0.00878044
          416     0.0251378
