       #varID adjointSensitivity
          171   -0.00342071
          172    0.00383268
          173    -0.0261993
          174  -5.27499e-05
          175  -0.000166717
          176    -0.0240749
          177    0.00766301
          178    -0.0110606
          179    -0.0156703
          180     0.0103486
          181     -0.021068
          182     0.0102032
          183    0.00190225
          184    -0.0137232
          185     0.0182186
          192   -0.00625137
          193    0.00162366
          194    -0.0281844
          195   -0.00151325
          196    0.00282138
          197    -0.0322509
          198       0.01321
          199  -0.000893993
          200    -0.0330347
          201     0.0300736
          202    -0.0240337
          203   -0.00663081
          204      0.015239
          205    -0.0261063
          206     0.0216321
          213   -0.00537519
          214     0.0016721
          215    -0.0310968
          216  -0.000568294
          217    0.00333429
          218     -0.035416
          219     0.0116687
          220      0.003989
          221    -0.0443507
          222      0.034262
          223   -0.00555587
          224     -0.029108
          225      0.018358
          226    0.00337219
          227     0.0152694
          234   -0.00348937
          235    0.00148591
          236    -0.0226628
          237  -0.000275214
          238    0.00240264
          239    -0.0223587
          240    0.00525738
          241   -0.00203069
          242    -0.0301569
          243     0.0178837
          244    0.00112664
          245     -0.025133
          246    0.00164921
          247     0.0244743
          248     0.0344286
          255   -0.00238183
          256    0.00128066
          257    -0.0115735
          258  -0.000627461
          259   0.000802558
          260    -0.0139792
          261    0.00290828
          262    -0.0122931
          263    -0.0234926
          264    0.00839631
          265   -0.00338746
          266   -0.00417138
          267   -0.00391152
          268     0.0298966
          269     0.0537548
          318  -0.000959404
          319  -0.000717008
          320   -0.00487134
          321  -0.000157609
          322   -0.00199287
          323   -0.00317097
          324    0.00348323
          325   -0.00502223
          326    -0.0031836
          327    0.00760053
          328    -0.0189714
          329      0.011045
          330    0.00312652
          331    -0.0183738
          332     0.0191499
          339   -0.00118999
          340   -0.00430639
          341   -0.00583309
          342     0.0009998
          343   -0.00771759
          344    0.00291161
          345    0.00691607
          346   -0.00402333
          347   -0.00200616
          348     0.0299924
          349    -0.0369741
          350     0.0128232
          351     0.0242094
          352    -0.0526907
          353     0.0511862
          360   0.000499777
          361  -1.10661e-05
          362   -0.00912428
          363    0.00102248
          364  -0.000121189
          365   -0.00156592
          366    0.00441197
          367    0.00210906
          368   -0.00726191
          369     0.0278529
          370    -0.0100667
          371   -0.00731356
          372   -0.00183841
          373    0.00867512
          374     0.0516683
          381  -0.000393456
          382   0.000989594
          383   -0.00676542
          384  -0.000458381
          385    0.00307022
          386   -0.00586611
          387     0.0022575
          388    0.00115355
          389    -0.0135605
          390    0.00849957
          391    0.00811222
          392    -0.0111719
          393    -0.0241987
          394     0.0443518
          395      0.050866
          402  -0.000525882
          403    0.00111078
          404   -0.00338209
          405  -1.41385e-05
          406    0.00131156
          407   -0.00344533
          408     0.0016826
          409   -0.00379004
          410    -0.0102906
          411     0.0041135
          412     0.0010125
          413  -0.000862282
          414   -0.00744049
          415     0.0180752
          416     0.0461604
